0 1
1 13 0 0 0 0 0.0 0.0 10.0 10.0005512348 0.105 50.0 -570.0 0.0 0.0
1 1
1 13 0 0 0 0 0.0 0.0 10.0 10.0005512348 0.105 50.0 -510.0 0.0 0.0
2 1
1 13 0 0 0 0 0.0 0.0 10.0 10.0005512348 0.105 50.0 -450.0 0.0 0.0
3 1
1 13 0 0 0 0 0.0 0.0 10.0 10.0005512348 0.105 50.0 -390.0 0.0 0.0
4 1
1 13 0 0 0 0 0.0 0.0 10.0 10.0005512348 0.105 50.0 -330.0 0.0 0.0
5 1
1 13 0 0 0 0 0.0 0.0 10.0 10.0005512348 0.105 50.0 -270.0 0.0 0.0
6 1
1 13 0 0 0 0 0.0 0.0 10.0 10.0005512348 0.105 50.0 -210.0 0.0 0.0
7 1
1 13 0 0 0 0 0.0 0.0 10.0 10.0005512348 0.105 50.0 -150.0 0.0 0.0
8 1
1 13 0 0 0 0 0.0 0.0 10.0 10.0005512348 0.105 50.0 -90.0 0.0 0.0
9 1
1 13 0 0 0 0 0.0 0.0 10.0 10.0005512348 0.105 50.0 -30.0 0.0 0.0
10 1
1 13 0 0 0 0 0.0 0.0 10.0 10.0005512348 0.105 50.0 30.0 0.0 0.0
11 1
1 13 0 0 0 0 0.0 0.0 10.0 10.0005512348 0.105 50.0 90.0 0.0 0.0
12 1
1 13 0 0 0 0 0.0 0.0 10.0 10.0005512348 0.105 50.0 150.0 0.0 0.0
13 1
1 13 0 0 0 0 0.0 0.0 10.0 10.0005512348 0.105 50.0 210.0 0.0 0.0
14 1
1 13 0 0 0 0 0.0 0.0 10.0 10.0005512348 0.105 50.0 270.0 0.0 0.0
15 1
1 13 0 0 0 0 0.0 0.0 10.0 10.0005512348 0.105 50.0 330.0 0.0 0.0
16 1
1 13 0 0 0 0 0.0 0.0 10.0 10.0005512348 0.105 50.0 390.0 0.0 0.0
17 1
1 13 0 0 0 0 0.0 0.0 10.0 10.0005512348 0.105 50.0 450.0 0.0 0.0
18 1
1 13 0 0 0 0 0.0 0.0 10.0 10.0005512348 0.105 50.0 510.0 0.0 0.0
19 1
1 13 0 0 0 0 0.0 0.0 10.0 10.0005512348 0.105 50.0 570.0 0.0 0.0
