0 1
1 13 0 0 0 0 0.0 -10.0 0.0 10.0005512348 0.105 50.0 115.0 35.0 0.0
1 1
1 13 0 0 0 0 0.0 -10.0 0.0 10.0005512348 0.105 50.0 115.0 105.0 0.0
2 1
1 13 0 0 0 0 0.0 -10.0 0.0 10.0005512348 0.105 50.0 115.0 175.0 0.0
3 1
1 13 0 0 0 0 0.0 -10.0 0.0 10.0005512348 0.105 50.0 115.0 245.0 0.0
4 1
1 13 0 0 0 0 0.0 -10.0 0.0 10.0005512348 0.105 50.0 115.0 315.0 0.0
5 1
1 13 0 0 0 0 0.0 -10.0 0.0 10.0005512348 0.105 50.0 115.0 385.0 0.0
6 1
1 13 0 0 0 0 0.0 -10.0 0.0 10.0005512348 0.105 50.0 115.0 455.0 0.0
7 1
1 13 0 0 0 0 0.0 -10.0 0.0 10.0005512348 0.105 50.0 115.0 525.0 0.0
8 1
1 13 0 0 0 0 0.0 -10.0 0.0 10.0005512348 0.105 50.0 115.0 595.0 0.0
9 1
1 13 0 0 0 0 0.0 -10.0 0.0 10.0005512348 0.105 50.0 115.0 665.0 0.0
10 1
1 13 0 0 0 0 0.0 -10.0 0.0 10.0005512348 0.105 50.0 115.0 735.0 0.0
11 1
1 13 0 0 0 0 0.0 -10.0 0.0 10.0005512348 0.105 50.0 115.0 805.0 0.0
12 1
1 13 0 0 0 0 0.0 -10.0 0.0 10.0005512348 0.105 50.0 115.0 875.0 0.0
13 1
1 13 0 0 0 0 0.0 -10.0 0.0 10.0005512348 0.105 50.0 115.0 945.0 0.0
14 1
1 13 0 0 0 0 0.0 -10.0 0.0 10.0005512348 0.105 50.0 115.0 1015.0 0.0
15 1
1 13 0 0 0 0 0.0 -10.0 0.0 10.0005512348 0.105 50.0 115.0 1085.0 0.0
16 1
1 13 0 0 0 0 0.0 -10.0 0.0 10.0005512348 0.105 50.0 115.0 1155.0 0.0
17 1
1 13 0 0 0 0 0.0 -10.0 0.0 10.0005512348 0.105 50.0 115.0 1225.0 0.0
18 1
1 13 0 0 0 0 0.0 -10.0 0.0 10.0005512348 0.105 50.0 115.0 1295.0 0.0
19 1
1 13 0 0 0 0 0.0 -10.0 0.0 10.0005512348 0.105 50.0 115.0 1365.0 0.0
