0
-6.08225e-08
-6.13202e-08
-4.69735e-08
-3.94897e-08
-3.72516e-08
-4.24298e-08
-2.70923e-08
-2.81061e-08
-3.24794e-08
4.71231e-08
2.02025e-07
2.50718e-07
2.10044e-07
2.00853e-07
2.03335e-07
9.17629e-08
-7.48867e-09
-6.37001e-08
-1.20398e-07
3.05763
3.61847
3.28555
2.89227
2.53495
2.21045
1.91364
1.64178
1.33412
1.11166
0.908556
0.723338
0.554682
0.401341
0.262159
0.136066
0.022067
-0.0807607
-0.173273
-0.256266
-0.330476
-0.396589
-0.468807
-0.518949
-0.562901
-0.601154
-0.634172
-0.662385
-0.686189
-0.705949
-0.722009
-0.73469
-0.744282
-0.751058
-0.755269
-0.757152
-0.756914
-0.754763
-0.750882
-0.745444
-0.738602
-0.730506
-0.721292
-0.71108
-0.697092
-0.685054
-0.672355
-0.659094
-0.645348
-0.631198
-0.6167
-0.601929
-0.586934
-0.571767
-0.556486
-0.54113
-0.525734
-0.510338
-0.494978
-0.479679
-0.464477
-0.449385
-0.434431
-0.419635
-0.405013
-0.390582
-0.376355
-0.358878
-0.345153
-0.331667
-0.318428
-0.305441
-0.292714
-0.280248
-0.268049
-0.25612
-0.244461
-0.233075
-0.221962
-0.211122
-0.200553
-0.190256
-0.180231
-0.170472
-0.160979
-0.15175
-0.142781
-0.131933
-0.123539
-0.115396
-0.107499
-0.0998439
-0.0924277
-0.085246
-0.078294
-0.0715682
-0.0650641
-0.058777
-0.0527028
-0.0454023
-0.0397903
-0.0343768
-0.0291572
-0.024127
-0.0192816
-0.014617
-0.0101284
-0.00475891
-0.000651011
0.00329466
0.00708228
0.010716
0.015048
0.0183502
0.0215117
0.0245362
0.02813
0.0308603
0.0334658
0.0359501
0.0383169
0.0405695
0.04323
0.0452382
0.0471429
0.0489478
0.0506554
0.0522689
0.0537918
0.0552262
0.0568999
0.0581464
0.0593142
0.0604054
0.0614222
0.0623678
0.0632447
0.0640548
0.0648006
0.0654843
0.0662552
0.0683192
0.0686391
0.0689119
0.0691407
0.069326
0.0694703
0.0695754
0.0696419
0.0696718
0.069667
0.0696287
0.0695578
0.0694263
0.0692494
0.0690765
0.0688776
0.0686532
0.068405
0.068134
0.067841
0.0675277
0.0671942
0.0667515
0.0663771
0.0659864
0.0655802
0.0651587
0.0647231
0.0642743
0.0638132
0.0633402
0.0628562
0.0623621
0.0617307
0.0610856
0.0605603
0.0600274
0.059488
0.058942
0.0583902
0.0578332
0.0572713
0.056705
0.0561348
0.0554176
0.0548403
0.0542604
0.0536787
0.0530952
0.0525105
0.0519244
0.0511909
0.050604
0.0500166
0.04943
0.0488435
0.0481122
0.0475279
0.0469454
0.0463641
0.0457846
0.0452074
0.0446327
0.0440598
0.0434899
0.0429226
0.0423583
0.041797
0.0410999
0.0404081
0.0398587
0.0393129
0.038771
0.0382329
0.0376988
0.0371687
0.0366428
0.0361212
0.035604
0.0350911
0.0345827
0.0340787
0.0334554
0.0329619
0.0324731
0.0319889
0.0315096
0.0310351
0.0304487
0.0299851
0.0295264
0.0289598
0.0285123
0.0280696
0.0276317
0.0271989
0.0267711
0.0263481
0.0259302
0.0255171
0.0251091
0.024706
0.0243077
0.0238168
0.0234296
0.0230473
0.0226698
0.0222973
0.0218382
0.0214764
0.0211193
0.020767
0.0204193
0.0200765
0.0197382
0.0193218
0.0189939
0.0186705
0.0183517
0.0179593
0.0176505
0.017346
0.017046
0.0167501
0.0163865
0.0161004
0.0158184
0.0155406
0.0152669
0.0149974
0.0147318
0.0144703
0.0142127
0.0138336
0.0135858
0.0133418
0.0131015
0.012865
0.0126321
0.0124028
0.0121772
0.0119553
0.0117368
0.0115218
0.0112578
0.0110505
0.0108466
0.0105961
0.0103995
0.0102061
0.0100159
0.0098289
0.00964489
0.00946396
0.00928594
0.00911095
0.00889632
0.00872784
0.00792757
0.00773802
0.00758934
0.00744317
0.0072996
0.00715854
0.00701998
0.00688376
0.00674991
0.00658588
0.00645726
0.0063309
0.00617606
0.00605466
0.00593542
0.00581834
0.00570337
0.00559051
0.00547967
0.00537082
0.0047098
0.00459153
0.00447599
0.00438547
0.00429665
0.00420947
0.00412394
0.00401925
0.00393728
0.00385686
0.00377788
0.0037004
0.00360559
0.00353139
0.00345859
0.00338719
0.00331716
0.00324847
0.0031811
0.00311503
0.0030342
0.00297092
0.00246669
0.00241441
0.00236316
0.00231296
0.0022516
0.00220359
0.00215653
0.00211034
0.00206504
0.00202069
0.00197726
0.00192421
0.0018827
0.00184202
0.00180219
0.00176319
0.00171549
0.00167821
0.00164159
0.00160573
0.00157063
0.0015362
0.00124988
0.00122207
0.00119489
0.0011683
0.00114225
0.00111673
0.0010917
0.00106715
0.00104311
0.00101959
0.000996622
0.000974173
0.000952222
0.000930723
0.000899259
0.000878803
0.000858713
0.000839111
0.000819984
0.000801293
0.000782949
0.000765002
0.000747402
0.000730206
0.000713328
0.000688798
0.000672932
0.00065736
0.000642136
0.00062718
0.00061259
0.000598246
0.000584263
0.000570632
0.000557264
0.000457692
0.000446772
0.000436127
0.000425717
0.000415546
0.000405635
0.000395899
0.000384099
0.000374862
0.000365839
0.000356998
0.000346284
0.000337891
0.000329664
0.000319642
0.000311831
0.000304213
0.000296787
0.000289588
0.000280787
0.000273883
0.000267098
0.000258888
0.000252487
0.000246281
0.000238669
0.000232699
0.000226853
0.000221189
0.00021569
0.000209024
0.00020387
0.000198734
0.000192384
0.000186326
0.000181599
0.000177031
0.000172606
0.000167131
0.000162833
0.000158665
0.000154617
0.000149699
0.000145919
0.000142172
0.000137562
0.000133929
0.000129576
0.000126222
0.000122996
0.000119047
0.000115991
0.000112897
0.000109899
0.000106996
0.000103548
0.00010081
9.81517e-05
9.48306e-05
9.22552e-05
8.98005e-05
8.74632e-05
8.40532e-05
8.18132e-05
7.95758e-05
7.7392e-05
7.5277e-05
7.32706e-05
7.12963e-05
6.93449e-05
6.6968e-05
6.51486e-05
6.33939e-05
6.16704e-05
5.99962e-05
5.83224e-05
5.67037e-05
5.47087e-05
5.28198e-05
5.13418e-05
4.98973e-05
4.84783e-05
4.71517e-05
4.55044e-05
4.42486e-05
4.30215e-05
4.17819e-05
4.05546e-05
3.93914e-05
3.8222e-05
3.68636e-05
3.55729e-05
3.45745e-05
3.3555e-05
3.26005e-05
3.16215e-05
3.04917e-05
2.96355e-05
2.8797e-05
2.78775e-05
2.70248e-05
2.59604e-05
2.50175e-05
2.43353e-05
2.36871e-05
2.29556e-05
2.22277e-05
2.13239e-05
2.06855e-05
2.01044e-05
1.95239e-05
1.87466e-05
1.81188e-05
1.75263e-05
1.70075e-05
1.65439e-05
1.58488e-05
1.53383e-05
1.47675e-05
1.42293e-05
1.37741e-05
1.33963e-05
1.30054e-05
1.26082e-05
1.2212e-05
1.18254e-05
1.13998e-05
1.09735e-05
1.0567e-05
1.02408e-05
9.8014e-06
9.4006e-06
9.05234e-06
8.78346e-06
8.45702e-06
8.23623e-06
7.96968e-06
7.61125e-06
7.31412e-06
7.036e-06
6.8002e-06
6.57144e-06
6.26274e-06
6.01687e-06
5.78019e-06
5.62236e-06
5.47193e-06
5.30992e-06
5.09934e-06
4.8077e-06
4.63795e-06
4.4909e-06
4.30376e-06
4.19806e-06
3.99969e-06
3.84744e-06
3.73695e-06
3.63409e-06
3.57516e-06
3.42419e-06
3.22765e-06
3.05286e-06
2.9135e-06
2.80826e-06
2.74152e-06
2.59718e-06
2.49162e-06
2.41301e-06
2.36925e-06
2.25638e-06
2.21433e-06
2.14096e-06
1.95016e-06
1.81819e-06
1.73157e-06
1.65845e-06
1.65163e-06
1.63673e-06
1.56293e-06
1.44653e-06
1.38863e-06
1.31532e-06
1.32505e-06
1.28355e-06
1.18856e-06
1.03553e-06
9.69316e-07
9.74142e-07
1.0307e-06
1.02861e-06
9.76664e-07
8.63218e-07
7.84098e-07
7.524e-07
7.85158e-07
7.5603e-07
7.01193e-07
6.34889e-07
6.26859e-07
6.26076e-07
6.67498e-07
6.64836e-07
6.36926e-07
5.44086e-07
4.92347e-07
4.59919e-07
4.82777e-07
4.87881e-07
4.90156e-07
5.11852e-07
4.83261e-07
4.43881e-07
4.67491e-07
3.38903e-07
3.59379e-07
4.02167e-07
4.24867e-07
3.85059e-07
3.95478e-07
3.97763e-07
4.00925e-07
3.80459e-07
3.66355e-07
3.28152e-07
3.47314e-07
3.7528e-07
3.90136e-07
3.20313e-07
3.87368e-07
4.29989e-07
4.36017e-07
4.26112e-07
4.1845e-07
4.01555e-07
4.20652e-07
4.76538e-07
5.24823e-07
4.6779e-07
4.02562e-07
3.52037e-07
3.84161e-07
4.39683e-07
5.11588e-07
5.59926e-07
4.93469e-07
4.24035e-07
4.48941e-07
5.1099e-07
5.51698e-07
5.39264e-07
4.66858e-07
6.0419e-07
5.92909e-07
6.28492e-07
6.274e-07
6.64946e-07
6.89454e-07
6.77807e-07
6.66398e-07
6.27524e-07
6.38202e-07
6.40402e-07
