0
1.0436
2.3129
3.7601
5.0536
6.0077
6.5939
6.8786
6.9644
6.9466
6.891
6.8328
6.7831
6.7398
6.6953
6.6429
6.5781
6.4995
6.4078
6.3046
6.1919
6.0714
5.9443
5.8117
5.6743
5.5326
5.3873
5.2387
5.0874
4.934
4.7788
4.6223
4.4649
4.3071
4.1491
3.9913
3.8339
3.6771
3.5213
3.3666
3.2132
3.0614
2.9111
2.7627
2.6161
2.4716
2.3292
2.189
2.051
1.9155
1.7823
1.6516
1.5234
1.3977
1.2746
1.1541
1.0361
0.9208
0.80806
0.69792
0.59039
0.48545
0.38309
0.2833
0.18606
0.091357
-0.00084072
-0.090554
-0.17781
-0.26263
-0.34505
-0.4251
-0.50281
-0.57821
-0.65134
-0.72223
-0.79091
-0.85743
-0.92181
-0.9841
-1.0443
-1.1025
-1.1588
-1.213
-1.2654
-1.3159
-1.3645
-1.4114
-1.4565
-1.4999
-1.5415
-1.5816
-1.62
-1.6568
-1.6921
-1.7258
-1.7581
-1.7889
-1.8184
-1.8464
-1.8731
-1.8985
-1.9226
-1.9454
-1.9671
-1.9875
-2.0068
-2.025
-2.042
-2.058
-2.0729
-2.0868
-2.0997
-2.1117
-2.1227
-2.1328
-2.142
-2.1503
-2.1578
-2.1644
-2.1703
-2.1754
-2.1798
-2.1834
-2.1863
-2.1885
-2.1901
-2.191
-2.1912
-2.1909
-2.19
-2.1885
-2.1864
-2.1838
-2.1807
-2.177
-2.1729
-2.1683
-2.1633
-2.1578
-2.1519
-2.1456
-2.1388
-2.1317
-2.1242
-2.1164
-2.1082
-2.0997
-2.0908
-2.0817
-2.0722
-2.0625
-2.0525
-2.0422
-2.0317
-2.0209
-2.0099
-1.9987
-1.9873
-1.9756
-1.9638
-1.9518
-1.9396
-1.9272
-1.9147
-1.902
-1.8891
-1.8762
-1.8631
-1.8499
-1.8365
-1.8231
-1.8095
-1.7959
-1.7822
-1.7683
-1.7544
-1.7405
-1.7264
-1.7123
-1.6982
-1.684
-1.6697
-1.6555
-1.6411
-1.6268
-1.6124
-1.598
-1.5836
-1.5691
-1.5547
-1.5402
-1.5258
-1.5113
-1.4969
-1.4824
-1.468
-1.4536
-1.4392
-1.4248
-1.4105
-1.3961
-1.3818
-1.3676
-1.3533
-1.3391
-1.325
-1.3109
-1.2968
-1.2828
-1.2688
-1.2548
-1.241
-1.2271
-1.2134
-1.1996
-1.186
-1.1724
-1.1589
-1.1454
-1.132
-1.1186
-1.1053
-1.0921
-1.079
-1.0659
-1.0529
-1.04
-1.0271
-1.0144
-1.0017
-0.98903
-0.97648
-0.96401
-0.95161
-0.93929
-0.92706
-0.9149
-0.90282
-0.89083
-0.87891
-0.86708
-0.85533
-0.84367
-0.83208
-0.82059
-0.80917
-0.79784
-0.78659
-0.77543
-0.76435
-0.75336
-0.74245
-0.73163
-0.72089
-0.71024
-0.69968
-0.6892
-0.6788
-0.66849
-0.65827
-0.64813
-0.63807
-0.6281
-0.61822
-0.60842
-0.59871
-0.58908
-0.57953
-0.57007
-0.5607
-0.55141
-0.5422
-0.53307
-0.52403
-0.51507
-0.50619
-0.4974
-0.48869
-0.48006
-0.47151
-0.46304
-0.45466
-0.44635
-0.43812
-0.42998
-0.42191
-0.41392
-0.40601
-0.39818
-0.39043
-0.38275
-0.37516
-0.36763
-0.36019
-0.35282
-0.34552
-0.3383
-0.33116
-0.32409
-0.31709
-0.31017
-0.30332
-0.29654
-0.28983
-0.2832
-0.27663
-0.27014
-0.26372
-0.25736
-0.25108
-0.24486
-0.23871
-0.23263
-0.22662
-0.22067
-0.21479
-0.20898
-0.20323
-0.19755
-0.19193
-0.18637
-0.18088
-0.17545
-0.17008
-0.16478
-0.15953
-0.15435
-0.14923
-0.14417
-0.13917
-0.13422
-0.12934
-0.12451
-0.11974
-0.11503
-0.11037
-0.10578
-0.10123
-0.096745
-0.092312
-0.087934
-0.083609
-0.079338
-0.07512
-0.070954
-0.06684
-0.062778
-0.058767
-0.054807
-0.050897
-0.047037
-0.043226
-0.039464
-0.035751
-0.032085
-0.028467
-0.024896
-0.021372
-0.017895
-0.014463
-0.011076
-0.0077346
-0.0044377
-0.0011849
0.0020242
0.00519
0.0083129
0.006321
0.006121
0.005764
0.005564
0.005364
0.005164
0.004775
0.004475
0.004175
0.0014505
0.0014596
0.0014686
0.0014774
0.0014859
0.0014943
0.0015026
0.0015106
0.00105185
0.0015261
0.0015337
0.0009541
0.00085482
0.0007552
0.0007162
0.00065687
0.00055752
0.0004581
0.0001587
0.00005937
0.000096
0.0000602
0.0000746
0.0000858
0.0083129
0.006321
0.006121
0.005764
0.005564
0.005364
0.005164
0.004775
0.004475
0.004175
0.0014505
0.0014596
0.0014686
0.0014774
0.0014859
0.0014943
0.0015026
0.0015106
0.00105185
0.0015261
0.0015337
0.0009541
0.00085482
0.0007552
0.0007162
0.0006568
0.0083129
0.006321
0.006121
0.005764
0.005564
0.005364
0.005164
0.004775
0.004475
0.004175
0.0014505
0.0014596
0.0014686
0.0014774
0.0014859
0.0014943
0.0015026
0.0015106
0.00105185
0.0015261
0.0015337
0.0009541
0.00085482
0.0007552
0.0007162
0.00065687
0.00055752
0.0004581
0.0001587
0.0005937
0.0006
0.00053
0.0009
0.0003
0.000016
0.000167
0.000163
0.00066
0.00013
0.00059
0.0003
0.00046
0.00088
0.00028
0.00067
0.0003
0.00016
0.000167
0.000163
0.00066
0.00013
0.00059
0.0003
0.00046
0.00088
0.00028
0.00067
0.0003
0.00016
0.000167
0.000163
0.00066
0.00013
0.00059
0.0003
0.00046
0.00088
0.00028
0.00067
0.0003
0.00016
0.000167
0.000163
0.00066
0.00013
0.00059
0.0003
0.00046
0.00088
0.00028
0.00067
0.000
0.00028
0.00017
0.000
