0.032049386542966886
0.5276517090865591
2.270450474437154
4.129632687393671
5.832490113726038
6.996648863607562
7.837659675260669
8.416332360107315
8.631961746831399
8.520651732563913
8.222526117598079
7.874344966314667
7.482107344416544
7.082712708877337
6.679827289846213
6.270047422171477
5.906089381477026
5.585368657004197
5.270445537072605
4.960240722245558
4.6835341191943
4.440239819555583
4.215880449159379
4.006014182633523
3.800791202641517
3.592595914279381
3.4004031760288873
3.237260169308769
3.0622987127595103
2.89162843945254
2.7245439328278023
2.554856765790208
2.4134963690572184
2.2711256415735415
2.1172764677827995
1.9765519139354177
1.841083499945501
1.710909340086881
1.592073874197956
1.4739190203416759
1.3453988989695134
1.2258525716242614
1.1247644426044439
1.0194256645700603
0.9157808542613806
0.8169172678584952
0.7149065314166424
0.6268165797492293
0.5448944855687978
0.4571161029652214
0.37046420889923504
0.28789114712135494
0.20916157711540084
0.13914444611582372
0.07271429177542146
-0.0016363716595900037
-0.07115499215703262
-0.1332050299495435
-0.19187318217538404
-0.25158796446032017
-0.30888400282833944
-0.36755094507723296
-0.42168894361376164
-0.4673601284641424
-0.5145486244059752
-0.5632314418772685
-0.6100418200231839
-0.6543481508774258
-0.6950263658562963
-0.7312161713505272
-0.7703020566672376
-0.8114588175286181
-0.8471482975552942
-0.8783106488350275
-0.908821427528835
-0.9404236054287762
-0.9708248812088904
-1.0005594596912448
-1.0273592390888198
-1.0501654895730475
-1.0734248764239014
-1.0985125384415684
-1.122730832022864
-1.1437124372711194
-1.1615184580221554
-1.1784678150947638
-1.1984808337970014
-1.2178731343254627
-1.2331648229807761
-1.2460982665665208
-1.2591805373167382
-1.2743252137729975
-1.2880052131349975
-1.3016991272318867
-1.3120196256007335
-1.3209674051232905
-1.329994438135866
-1.3415261234285913
-1.3511805294881536
-1.3587707148762507
-1.3642888147427308
-1.3695655242082965
-1.3770232171207046
-1.3836448159627852
-1.388520418070443
-1.3931957689933836
-1.396270320415535
-1.4000448435014856
-1.4028531999953109
-1.4062822746629138
-1.408518312060841
-1.4097470436504487
-1.4100943070342176
-1.4108765571304085
-1.41216336761347
-1.412646148415295
-1.4128899587701016
-1.4124924813430346
-1.4106412166142304
-1.4085431165882532
-1.4062114910115182
-1.4043989455450152
-1.4025597805856802
-1.4011652821543434
-1.3990242279467493
-1.3957548702361426
-1.3922695316405085
-1.3886438357190296
-1.3858270093865748
-1.3821256899059124
-1.3779984585399314
-1.3733969162107527
-1.3686761911523024
-1.3646185334607694
-1.3599564922842438
-1.3558183711257394
-1.3506136552885164
-1.344795481139199
-1.3391418638546637
-1.3340079316688356
-1.3287681265001514
-1.3224217974135013
-1.3166520223420586
-1.310049178142657
-1.3042104343852412
-1.2980909759761383
-1.2914227930216022
-1.2847413003206518
-1.2779533296483703
-1.2706916530013659
-1.2639157820985527
-1.2568652464287855
-1.2497663116811417
-1.2432403010178703
-1.2365769579711214
-1.2296595197655174
-1.2225388054328286
-1.2154955296247436
-1.207965843083992
-1.2006793619095748
-1.192939744368531
-1.186027146070715
-1.1779632547078938
-1.1710028623206732
-1.163459866033506
-1.1552356527252174
-1.147135462053988
-1.1395404367581015
-1.1314311712597704
-1.1240733014454838
-1.1165127604925866
-1.1087707229976485
-1.1014370527223005
-1.0936012420139762
-1.0860903101159016
-1.0783119733125555
-1.0702928510967709
-1.0617643285863283
-1.0543138955356008
-1.0459190754777936
-1.0377704857286876
-1.0297162741814418
-1.02175886078995
-1.0137106991274372
-1.005993466159912
-0.9981443457051709
-0.9902189967027736
-0.9824769592078358
-0.9751215093474426
-0.9674393657113777
-0.9589066082816209
-0.9512371694034991
-0.9435762003640052
-0.9359515306329199
-0.927896714097201
-0.9199144961782979
-0.9122087579917683
-0.9043305980903014
-0.896749487529306
-0.8889318264751868
-0.8812593626546984
-0.8740612097974064
-0.8661237610255397
-0.8587447166146809
-0.8505924969347333
-0.8431686833768387
-0.8359711355080198
-0.8289411694463513
-0.8206951765530159
-0.8133252069692594
-0.8057513562699451
-0.7987951988020396
-0.7910598161803105
-0.7834363564261722
-0.776434219834283
-0.7684967710624162
-0.76193869601005
-0.754759297795436
-0.7476791176904696
-0.7409806853122596
-0.7338575510256773
-0.7267549863471932
-0.7199857703175885
-0.7130223529880005
-0.7063202906789497
-0.6995123553870426
-0.6923995059045093
-0.6859473038350007
-0.678796945067113
-0.6717663740169701
-0.6651405402555757
-0.6585746003530556
-0.6518773779517933
-0.6451438562421232
-0.6382687672296619
-0.631069404395423
-0.6252832946351996
-0.6183652514411218
-0.6120503817550895
-0.6060162267207448
-0.5993062995615398
-0.593180186279229
-0.5870365283311872
-0.5808614109825254
-0.5748260459712338
-0.5680447301721596
-0.5624195473458776
-0.5566376725049678
-0.5502822685912132
-0.5445016037272505
-0.5385442822290363
-0.5323510152261696
-0.5259956113124149
-0.5201961918057751
-0.5145074851897795
-0.50880062891958
-0.5026170417322889
-0.4968049174677068
-0.49177080838000026
-0.48642089530914506
-0.4803008319115689
-0.4756133812191583
-0.46959616586207087
-0.4634313333174577
-0.4587293629016838
-0.4533304457644782
-0.4486647746571123
-0.44313880994047844
-0.43821722870883734
-0.43243898379876844
-0.4274508538350461
-0.4217379476801123
-0.41686658049176867
-0.4114876279741874
-0.4064771134369462
-0.4016347856953291
-0.3962939474515762
-0.3917571388890589
-0.3867944184412216
-0.38213298225317033
-0.3775114753043677
-0.37257597933783637
-0.36776087607752533
-0.36285199960382697
-0.3581699938076779
-0.3535188424236751
-0.3494406151240445
-0.3444718447914717
-0.34038877758405356
-0.33584289419443414
-0.3312794661390845
-0.32690116455661483
-0.3223226117894283
-0.31781605265058355
-0.31280311815944856
-0.30926817050898997
-0.3046805429147016
-0.3009907182150355
-0.29670255991511213
-0.2925813784338656
-0.28849952120339406
-0.2845543913679259
-0.28034972147734066
-0.27649352494747215
-0.2724570418525107
-0.2681277443363919
-0.2647609834815569
-0.26040748642649925
-0.2571538584162021
-0.25360741598474773
-0.24956367302810456
-0.24590772768295283
-0.24225601725711543
-0.23893947044557762
-0.2353355541091438
-0.23198694290851257
-0.22819608513377784
-0.22484384400230537
-0.220676683397075
-0.21719739468617483
-0.2136164679117328
-0.20922969649063472
-0.20676436846126317
-0.2028869973348231
-0.20002237691296362
-0.1959641142329576
-0.19321988651731825
-0.18974059780641814
-0.18692558643938345
-0.18347715214063032
-0.18054658797516365
-0.1780256010062329
-0.1750097334660074
-0.17159578351024204
-0.16853091190366595
-0.165453335539147
-0.16243020813723993
-0.15941313062006743
-0.15622060644559024
-0.15331061188822123
-0.15055851932242684
-0.14751845224326274
-0.14460240780115924
-0.14222722305433377
-0.13979335442558227
-0.1370013326205392
-0.13417603644945555
-0.13151408716620758
-0.129002175024379
-0.12643702389688552
-0.12350040984668424
-0.12065877898681711
-0.11783166785031295
-0.1149876170365519
-0.11224036437854537
-0.11002489658871482
-0.10783967822255765
-0.10500167729353105
-0.10250549485201253
-0.10032511639364305
-0.09726810963722192
-0.09522990347011687
-0.09285411373481793
-0.09097441454776045
-0.0888206555822235
-0.08667899638615599
-0.0844320691957053
-0.08190503234204029
-0.08017113537708818
-0.07783950980035238
-0.0756790959616072
-0.07412609055022137
-0.07088335233244657
-0.06945557953506808
-0.06679907514808107
-0.06439485095452929
-0.06203902583885475
-0.05986348728827297
-0.0582136837211327
-0.05621661677022317
-0.05483603307377512
-0.05293999919793436
-0.051077844676607614
-0.04889081134503007
-0.04732933609501586
-0.045751526156217935
-0.04349007924240404
-0.04134902503480967
-0.03935800796863491
-0.03784130186565702
-0.03632278079725869
-0.03394578108501291
-0.03246537429044296
-0.03087183465133496
-0.02893042663998428
-0.02689827035761379
-0.025603595024397754
-0.023474640586272705
-0.02222049948077885
-0.02011271963922517
-0.018314088907612318
-0.017296498295243434
-0.016091966244573683
-0.014249776342871395
-0.012756059801885223
-0.0114553345839345
-0.00986239993329994
-0.007945796449361383
-0.0066105868884230885
-0.005746058359840909
-0.0038476045301062654
-0.002088903037742169
-0.0005752218771315844
0.000444183700657718
0.0015186432295323776
0.0029452060499639355
0.004420772936746196
0.005449253341637471
0.006667700127196866
0.008527434694629665
0.010048375716921886
0.011615900851670875
0.012436870210163509
0.014037064722479712
0.015268216265981974
0.017160015222508467
0.018015468923988642
0.018944126230758106
0.020315030111630827
0.02121162302930665
0.02169077390029133
0.023287943470240175
0.023968555502888775
0.025047249951077658
0.02626327678274322
0.02716168466583942
0.02822464941371824
0.029513879850673132
0.03057200469076424
0.03192959882522071
0.03257028161862064
0.0336895102945318
0.03421343031255289
0.03537319321618619
0.0362661562030212
0.037846386095712975
0.038958959898415996
0.03950465950148184
0.04090944273686873
0.04198027233490258
0.043485483656884566
0.043790397847511174
0.044824323148663615
0.04563924262242158
0.04638640338715143
0.04701256645718822
0.0479109743402845
0.049450670005254126
0.049785833619554
0.05043438126310901
0.05090203735309788
0.05218521790531809
0.05222454215609336
0.05354220705130112
0.05439826574125473
0.05534265274833436
0.056187216657292254
0.05655383967221232
0.057676093290490706
0.05788904923315053
0.058392399643073814
0.05935614628130433
0.059889141126427445
0.06068954087682228
0.061606703402595796
0.06204894997669909
0.06293102317101175
0.06391957433665427
0.0640974409478531
0.06426078783568878
0.06505876763218973
0.06581379324707458
0.06689672261457773
0.06688401785663499
0.06795363747772187
0.06862396470632157
0.06953386737041357
0.0707589690291811
0.07106327823133418
0.07118851084534157
0.07139541690326673
0.07198951558420985
0.07230168963651804
0.07255033989911235
0.07310571931775363
0.07429996656437456
0.0745056626453528
0.07511791098049984
0.07558556707048866
0.07616938094738283
0.07636176728194478
0.0766981408731916
0.0775281850587862
0.07771270654319315
0.07762074829522644
0.07851189631664107
0.07922033781906908
0.07951315224022627
0.07983924102742422
0.08014960011431208
0.08109459210986522
0.08107402250176737
