1.16025398547535
3.97254983726391
9.89591844347143
9.49411009649914
9.10861655129274
8.73877537075088
8.38395101499843
8.04353374926646
7.71693859611614
7.40360433020597
7.10299251387481
6.8145865718837
6.53789090372623
6.27243003198223
6.01774778525123
5.77340651426155
5.53898633980822
5.31408443122704
5.09831431416518
4.89130520645862
4.69270138097533
4.5021615543291
4.31935830041378
4.14397748775002
3.97571773967765
3.81428991646614
3.65941661845311
3.51083170935722
3.36827985894607
3.23151610427345
3.10030542873185
2.97442235819687
2.85365057356954
2.73778253905083
2.62661914550939
2.51996936832987
2.41764993915375
2.3194850309486
2.22530595586464
2.13495087535936
2.04826452209206
1.96509793311044
1.88530819387076
1.80875819265159
1.7353163849393
1.66485656738024
1.59725766091124
1.53240350269584
1.47018264650852
1.41048817122405
1.35321749708289
1.29827220941679
1.2455578895317
1.19498395245756
1.14646349128579
1.09991312782746
1.05525286933503
1.01240597104182
0.971298804282827
0.931860729970228
0.89402397720629
0.857723526824967
0.822896999662129
0.789484549362397
0.757428759538387
0.72667454510565
0.697169057623751
0.668861594480819
0.641703511765526
0.615648140676759
0.590650707327347
0.566668255804035
0.54365957435148
0.521585124553449
0.500406973389479
0.480088728050292
0.460595473399918
0.441893711977073
0.423951306432685
0.40673742430466
0.390222485034981
0.374378109138092
0.35917706943322
0.344593244256838
0.330601572574863
0.317178010917442
0.304299492062351
0.291943885395973
0.280089958883774
0.268717342584893
0.257806493648173
0.247338662729473
0.237295861772557
0.227660833098174
0.218417019748251
0.209548537034193
0.201040145240431
0.192877223436299
0.185045744351235
0.177532250270139
0.170323829907462
0.163408096220281
0.156773165122251
0.15040763506183
0.144300567429712
0.138441467761773
0.132820267705252
0.127427307717159
0.122253320465199
0.117289414902658
0.112527060989922
0.107958075036341
0.103574605637269
0.0993691201821144
0.0953343919101968
0.0914634874921924
0.0877497551158101
0.0841868130552307
0.0807685387046672
0.0774890580571989
0.0743427356108024
0.071324164684232
0.0684281581261083
0.0656497394012501
0.0629841340389323
0.0604267614283728
0.0579732269473523
0.0556193144104384
0.0533609788238376
0.0511943394344261
0.0491156730610127
0.0471214076963768
0.0452081163690842
0.0433725112545356
0.0416114380251256
0.0399218704298059
0.038300905093736
0.0367457565290861
0.0352537523484192
0.0338223286724254
0.0324490257241188
0.0311314836019249
0.0298674382243949
0.0286547174395789
0.0274912372923723
0.0263749984434195
0.0253040827334241
0.0242766498869585
0.0232909343501112
0.0223452422565357
0.0214379485166891
0.0205674940252568
0.0197323829819657
0.018931180321182
0.0181625092458755
0.0174250488617139
0.0167175319072209
0.0160387425760973
0.0153875144279645
0.0147627283839372
0.0141633108035848
0.0135882316399729
0.0130365026696178
0.0125071757943105
0.011999341411892
0.0115121268531818
0.0110446948823713
0.0105962422583072
0.0101659983541916
0.00975322383332684
0.0093572093786296
0.00897727447373139
0.00861276623357039
0.00826305828246528
0.00792754967774315
0.00760566387707186
0.00729684774772217
0.00700057061605734
0.0067163233556167
0.00644361751222607
0.00618198446463185
0.00593097461921616
0.00569015663740932
0.00545911669447212
0.00523745776837398
0.00502479895754517
0.00482077482633062
0.00462503477702055
0.00443724244737882
0.00425707513263374
0.00408422323093796
0.00391838971134467
0.00375928960338579
0.00360664950737498
0.00346020712459415
0.00331971080655586
0.00318491912256737
0.00305560044485298
0.00293153255052184
0.0028125022396973
0.00269830496915147
0.00258874450081544
0.00248363256456131
0.00238278853467631
0.00228603911947328
0.00219321806350393
0.0021041658618634
0.0020187294860949
0.00193676212122366
0.00185812291346818
0.00178267672819525
0.00171029391770284
0.00164085009843185
0.00157422593722373
0.0015103069462569
0.00144898328630934
0.00139014957800947
0.0013337047207509
0.00127955171895978
0.00122759751541641
0.00117775283134444
0.00112993201299315
0.00108405288444886
0.00104003660642281
0.000997807540772706
0.000957293120525149
0.000918423725175603
0.00088113256105163
0.000845355546533772
0.000811031201936866
0.000778100543862557
0.000746506983841465
0.00071619623109082
0.000687116199220484
0.000659216916727023
0.000632450441122023
0.000606770776547101
0.000582133794734025
0.000558497159174129
0.000535820252366704
0.000514064106021362
0.000493191334094416
0.000473166068544227
0.000453953897695086
0.000435521807103755
0.000417838122827012
0.000400872456992743
0.000384595655581021
0.000368979748325471
0.000353997900648794
0.000339624367549884
0.000325834449363285
0.000312604449314965
0.000299911632801477
0.000287734188322513
0.00027605118999975
0.000264842561617539
0.000254089042123687
0.000243772152531004
0.000233874164162781
0.0002243780681876
0.000215267546391134
0.000206526943134721
0.000198141238452509
0.000190096022240954
0.000182377469496308
0.000174972316557558
0.000167867838313976
0.000161051826338125
0.000154512567906738
0.000148238825873424
0.000142219819358611
0.00013644520522354
0.000130905060296483
0.000125589864320638
0.000120490483594391
0.000115598155275851
0.000110904472324666
0.000106401369055257
0.000102081107276635
0
0
0
0
0
0
0
0
0
0
0
0
0
0
0
0
0
0
0
0
0
0
0
0
0
0
0
0
0
0
0
0
0
0
0
0
0
0
0
0
0
0
0
0
0
0
0
0
0
0
0
0
0
0
0
0
0
0
0
0
0
0
0
0
0
0
0
0
0
0
0
0
0
0
0
0
0
0
0
0
0
0
0
0
0
0
0
0
0
0
0
0
0
0
0
0
0
0
0
0
0
0
0
0
0
0
0
0
0
0
0
0
0
0
0
0
0
0
0
0
0
0
0
0
0
0
0
0
0
0
0
0
0
0
0
0
0
0
0
0
0
0
0
0
0
0
0
0
0
0
0
0
0
0
0
0
0
0
0
0
0
0
0
0
0
0
0
0
0
0
0
0
0
0
0
0
0
0
0
0
0
0
0
0
0
0
0
0
0
0
0
0
0
0
0
0
0
0
0
0
0
0
0
0
0
0
0
0
0
0
0
0
0
0
0
0
0
0
0
0
0
0
0
0
0
0
0
0
0
0
0
0
0
0
0
0
0
0
0
0
0
0
0
0
0
0
0
0
0
0
0
0
0
0
0
0
0
0
0
0
0
0
0
0
0
0
0
0
0
0
0
0
0
0
0
0
0
0
0
0
0
0
0
0
0
0
0
0
0
0
0
0
0
0
0
0
0
0
0
0
0
0
0
0
0
0
0
0
0
0
0
0
0
0
0
0
0
0
0
0
0
0
0
0
0
0
0
0
0
0
0
0
0
0
0
0
0
0
0
0
0
0
0
0
0
0
0
0
0
0
0
0
0
0
0
0
0
0
0
0
0
0
0
0
0
0
0
0
0
0
0
0
0
0
0
0
0
0
0
0
0
0
0
0
0
0
0
0
0
0
0
0
0
0
0
0
0
0
0
0
0
0
0
0
0
0
0
0
0
0
0
0
0
0
0
0
0
0
0
0
0
0
0
0
0
0
0
0
0
0
0
0
0
0
0
0
0
0
0
0
0
0
0
0
0
0
0
0
0
0
0
0
0
0
0
0
0
0
0
0
0
0
0
0
0
0
0
0
0
0
0
0
0
0
0
0
0
0
0
0
0
0
0
0
0
0
0
0
0
0
0
0
0
0
0
0
0
0
0
0
0
0
0
0
0
0
0
0
0
0
0
0
0
0
0
0
0
0
0
0
0
0
0
0
0
0
0
0
0
0
0
0
0
0
0
0
0
0
0
0
0
0
0
0
0
0
0
0
0
0
0
0
0
0
0
0
0
0
0
0
0
0
0
0
0
0
0
0
0
0
0
0
0
0
0
0
0
0
0
0
0
0
0
0
0
0
0
0
0
0
0
0
0
0
0
0
0
0
0
0
0
0
0
0
0
0
0
0
0
0
0
0
0
0
0
0
0
0
0
0
0
0
0
0
0
0
0
0
0
0
0
0
0
0
0
0
0
0
0
0
0
0
0
0
0
0
0
0
0
0
0
0
0
0
0
0
0
0
0
0
0
0
0
0
0
0
0
0
0
0
0
0
0
0
0
0
0
0
0
0
0
0
0
0
0
0
0
0
0
0
0
0
0
0
0
0
0
0
0
0
0
0
0
0
0
0
0
0
0
0
0
0
0
0
0
0
0
0
0
0
0
0
0
0
0
0
0
0
0
0
0
0
0
0
0
0
0
0
0
0
0
0
0
0
0