0.0143486
0.159467
0.793147
2.03942
3.69303
5.65675
7.2616
8.11926
8.52584
8.71522
8.70343
8.52567
8.28564
8.00742
7.69944
7.39488
7.11262
6.86559
6.61574
6.35271
6.08899
5.8333
5.57957
5.31273
5.06461
4.8419
4.60817
4.36397
4.11429
3.89061
3.64341
3.42099
3.20609
2.98928
2.78899
2.58494
2.37882
2.18263
1.99927
1.80389
1.61966
1.45386
1.27027
1.09084
0.915042
0.758485
0.598404
0.445949
0.297249
0.155828
0.0295422
-0.107546
-0.235103
-0.368378
-0.494895
-0.621064
-0.74088
-0.851278
-0.962023
-1.0637
-1.15139
-1.24752
-1.33892
-1.41367
-1.48496
-1.58461
-1.67034
-1.73701
-1.80887
-1.89339
-1.95082
-2.00524
-2.07762
-2.13141
-2.18958
-2.22886
-2.2897
-2.33718
-2.38935
-2.43233
-2.473
-2.51777
-2.55394
-2.58588
-2.61454
-2.65018
-2.66595
-2.69461
-2.72979
-2.73915
-2.76763
-2.78461
-2.7897
-2.80616
-2.83048
-2.83268
-2.83187
-2.8466
-2.85076
-2.85064
-2.86093
-2.86849
-2.85867
-2.86491
-2.86185
-2.84435
-2.85457
-2.84781
-2.84747
-2.84105
-2.84082
-2.82846
-2.81569
-2.82898
-2.80835
-2.786
-2.78282
-2.78779
-2.76
-2.75301
-2.73782
-2.7061
-2.69553
-2.69293
-2.68351
-2.66509
-2.65099
-2.63539
-2.6191
-2.59715
-2.57288
-2.55405
-2.53325
-2.50749
-2.47658
-2.46058
-2.44637
-2.41355
-2.40044
-2.38068
-2.34695
-2.31685
-2.29784
-2.27779
-2.2563
-2.23788
-2.22112
-2.20056
-2.1678
-2.14619
-2.11477
-2.0864
-2.06023
-2.03285
-2.01003
-1.9782
-1.95474
-1.94065
-1.91402
-1.88097
-1.85758
-1.83816
-1.80038
-1.77883
-1.76017
-1.75561
-1.70703
-1.68426
-1.65498
-1.62176
-1.59692
-1.58224
-1.55861
-1.53441
-1.51194
-1.48167
-1.44879
-1.42372
-1.399
-1.3793
-1.3455
-1.32626
-1.29253
-1.27271
-1.2589
-1.22655
-1.20685
-1.18611
-1.15861
-1.12777
-1.11477
-1.0901
-1.06948
-1.06641
-1.04186
-1.02124
-0.994259
-0.969476
-0.935969
-0.916212
-0.896743
-0.865432
-0.854918
-0.831463
-0.803502
-0.772595
-0.755726
-0.739378
-0.715981
-0.708817
-0.672653
-0.64683
-0.625339
-0.617945
-0.596917
-0.578603
-0.566241
-0.545097
-0.534005
-0.502925
-0.478488
-0.459482
-0.451625
-0.435103
-0.414305
-0.394317
-0.372595
-0.359944
-0.348101
-0.33516
-0.311186
-0.303849
-0.294259
-0.269591
-0.268436
-0.250181
-0.241342
-0.215056
-0.200845
-0.191371
-0.181492
-0.168782
-0.147985
-0.133601
-0.11523
-0.112052
-0.0856514
-0.07947
-0.0764659
-0.0511626
-0.0507005
-0.0492562
-0.0348137
-0.00829723
-0.00812392
0.00140815
0.017526
0.0178148
0.0473931
0.0670927
0.0791667
0.0806109
0.0981153
0.101986
0.107127
0.122956
0.127347
0.128964
0.143638
0.16276
0.17183
0.188756
0.203546
0.204239
0.215908
0.22157
0.222263
0.23064
0.245833
0.25421
0.26224
0.277376
0.280207
0.288237
0.287197
0.291125
0.283673
0.294302
0.303026
0.302679
0.31793
0.331275
0.336532
0.335146
0.35161
0.349068
0.348317
0.358369
0.354845
0.353748
0.363049
0.38425
0.383384
0.383268
0.401119
0.410363
0.415735
0.415793
0.413078
0.41562
0.440403
0.436012
0.420934
0.432546
0.436359
0.437746
0.446469
0.447104
0.459467
0.457041
0.463049
0.462067
0.477549
0.484597
0.482228
0.477376
0.494129
0.49228
0.492512
0.497133
0.495111
0.494822
0.49852
0.504528
0.500253
0.504008
0.514753
0.512616
0.522205
0.519779
0.524516
0.516775
0.525036
0.518393
0.513829
0.511691
0.514811
0.522436
0.523014
0.527347
0.525036
0.530004
0.53168
0.51793
0.520646
0.525903
0.523419
0.511807
0.526423
0.524863
0.526885
0.5322
0.536937
0.536128
0.535724
0.542252
0.529196
0.517815
0.520299
0.511807
0.517468
0.527174
0.524921
0.515677
0.523881
0.523881
0.510536
0.517699
0.506434
0.506781
0.498866
0.511056
0.502275
0.50187
0.50499
0.500946
0.508283
0.514753
0.51458
0.500253
0.507936
0.503661
0.499328
0.504874
0.493494
0.49956
0.501177
0.511865
0.501293
0.510767
0.506839
0.498866
0.491818
0.490259
0.491587
0.483326
0.492396
0.498462
0.492512
0.493956
0.488294
0.49436
0.499502
0.501177
0.496613
0.494591
0.491241
0.483095
0.483788
0.479629
0.48246
0.469461
0.479629
0.480264
0.463222
0.471945
0.471194
0.470906
0.465244
0.470386
0.461893
0.458947
0.45629
0.443869
0.437572
0.445371
0.439363
0.435724
0.444042
0.439825
0.43607
0.450686
0.445602
0.428329
0.424112
0.435319
0.423592
0.426596
0.423938
0.425267
0.42261
0.427289
0.413829
0.403315
0.416486
0.409669
0.397538
0.410305
0.416659
0.410709
0.409958
0.411922
0.403603
0.393667
0.406145
0.391067
0.383384
0.387717
0.390085
0.380322
0.389219
0.385752
0.383211
0.379744
0.373679
0.367035
0.357676
0.364378
0.359871
0.363684
0.373852
0.374256
0.377607
0.375527
0.374025
0.362644
0.372465
0.367555
0.367902
0.36767
0.357156
0.33919
0.341212
0.347624
0.333182
0.334395
0.330929
0.328271
0.332662
0.335781
0.33555
0.322494
0.324805
0.313193
0.301986
0.307763
0.300253
0.296036
0.290605
0.294245
0.28841
0.302795
0.302795
0.287486
0.27726
0.290201
0.286792
0.282922
0.283557
0.27622
0.265071
0.27622
0.267786
0.267208
0.270386
0.261778
0.256463
0.26432
0.272523
0.264435
0.266977
0.264666
0.271194
0.254845
0.26328
0.257098
0.24514
0.247509
0.239363
0.235666
0.236359
0.244389
0.227578
0.224805
0.224227
0.217988
0.224805
0.223419
0.217295
0.212847
0.22105
0.218681
0.203257
0.205163
0.206781
0.201119
0.190201
0.186446
0.181882
0.187486
0.193898
0.182979
0.179629
0.181651
0.189565
0.184019
0.187543
0.18246
0.17726
0.178936
0.17443
0.16767
0.175816
0.17934
0.171425
0.166342
0.168479
0.158889
0.16715
0.170501
0.165764
0.147451
0.153343
0.157156
0.147798
0.146815
0.140287
0.14075
0.137803
0.144505
0.137168
0.134973
0.136012
0.121166
0.127578
0.135435
0.136937
0.134568
0.138785
0.125672
0.117237
0.133355
0.141269
0.137688
0.136879
0.138034
0.139652
0.139421
0.137457
0.128733
0.129196
0.124227
0.121454
0.102621
0.117873
0.119317
0.109438
0.118335
0.120241
0.110305
0.107763
0.111402
0.0988085
0.106665
0.110767
0.101119
0.0974798
0.111633
0.104297
0.0951112
0.0997906
0.094649
0.0911251
0.0965555
0.0943024
0.0970754
0.0998484
0.0940136
0.0819974
0.0825751
0.0850014
0.0739674
0.0733319
0.083615
0.0824596
0.0703278
0.0802065
0.0757005
0.0804376
0.0880055
0.0821129
0.0736785
0.0647819
0.0650708
0.0647241
0.063511
0.0633377
0.0557698
0.0644931
0.0624133
0.0553076
0.0422516
0.0437536
0.0555387
0.0523036
0.0582539
0.0530546
0.0473354
0.0455445
0.0556542
0.0488374
0.0444469
0.0380344
0.0284445
0.0367634
0.0397097
0.0420783
0.028329
0.035608
0.020299
0.00527874
0.0158507
0.0264226
0.0244006
0.0264226
0.030351
0.0247473
0.0187969
0.0246895
0.0107669
0.0120956
0.0116334
0.0155618
0.0103625
0.0118068
-0.00142259
-0.0128033
-0.00252022
-0.00280907
0.000541594
0.007474
0.00239024
-0.00454217
0.000483824
0.00701184
0.00868718
0.000541594
-0.0021736
0.000599365
-0.00459994
0.0080517
0.000657135
-0.00494656
0.00470104
0.000541594
-0.000440497
0.00129261
0.0153885
0.00423888
-0.00321346
0.00308348
-0.000787117
-0.00523541
-0.00425332
-0.000440497
-0.0125722
-0.000382727
-0.0119367
-0.0119367
0.00302571
0.000310514
-0.00771953
-0.00997256
0.00221693
-0.0118212
-0.00916378
0.00210139
-0.00708406
-0.00667966
-0.000151646
0.0051632
0.00718515
0.00192808
-0.0136698
-0.0204867
-0.0110124
-0.00702629
-0.0145364
-0.018407
-0.00436886
-0.0273036
-0.021411
-0.014883
-0.0210066
-0.00945263
-0.00795061
-0.015634
-0.0167894
-0.000613807
-0.00396447
-0.00656412
-0.000440497
-0.00939486
-0.0143053
-0.00523541
-0.00338677
-0.0158073
-0.0155763
-0.00691075
-0.0111857
-0.00714183
-0.0143053
-0.0190425
-0.0322718
-0.0235485
-0.0192158
-0.0277657
-0.0174827
-0.0188114
-0.0189269
-0.0247617
-0.024184
-0.0275924
-0.0237218
-0.0130344
-0.0186958
-0.0160962
-0.0146519
-0.0203712
-0.021931
-0.0158073
-0.0196202
-0.021411
-0.0160962
-0.0222198
-0.0189847
-0.0151141
-0.0139009
-0.0253972
-0.0316363
-0.0247039
-0.032734
-0.0263215
-0.0127455
-0.0170205
-0.031983
-0.0115324
-0.0173094
-0.0250505
-0.0190425
-0.0240685
-0.039262
-0.0344671
-0.0208911
-0.0200246
-0.0200823
-0.0130921
-0.0195624
-0.0199668
-0.026437
-0.0293833
-0.0268414
-0.0186958
-0.0215843
-0.021411
-0.016154
-0.017136
-0.0144209
-0.00985702
-0.0112435
-0.0166739
-0.0154029
-0.0154029
-0.0266681
-0.0247617
-0.0193313
-0.0274191
-0.035738
-0.0189269
-0.022682
-0.0314053
-0.0192735
-0.0240685
-0.0259171
-0.0236063
-0.018407
-0.030712
-0.0236063
-0.0209489
-0.0294988
-0.0247039
-0.0337161
-0.0341782
-0.0413417
-0.03776
-0.0420927
-0.0509893
-0.0533001
-0.0576906
-0.0569974
-0.0564197
-0.038511
-0.0517981
-0.0464255
-0.0408218
-0.0498917
-0.0501228
-0.0478697
-0.0445191
-0.0534157
-0.0460789
-0.0542244
-0.068147
-0.0675693
-0.0652008
-0.0645653
-0.0541089
-0.057344
-0.0699957
-0.0628322
-0.0635254
-0.0670494
-0.0634099
-0.0530113
-0.0479853
-0.0506427
-0.0479853
-0.044288
-0.0467143
-0.047812
-0.0519714
-0.0541667
-0.0548021
-0.0533579
-0.0516248
-0.0441147
-0.0451545
-0.0574596
0
0
0
0
0
0
0
0
0
0
0
0
0
0
0
0
0
0
0
0
0
0
0
0
0
0
0
0
0
0
0
0
0
0
0
0
0
0
0
0
0
0
0
0
0
0
0
0
0
0
0
0
0
0
0
0
0
0
0
0
0
0
0
0
0
0
0
0
0
0
0
0
0
0
0
0
0
0
0
0
0
0
0
0
0
0
0
0
0
0
0
0
0
0
0
0
0
0
0
0
0
0
0
0
0
0
0
0
0
0
0
0
0
0
0
0
0
0
0
0
0
0
0
0
0
0
