0.017743
0.311618
1.44826
3.57352
6.71196
9.99546
12.0952
13.219
13.7401
13.832
13.6578
13.2928
12.6932
11.9049
11.0721
10.2383
9.39492
8.58402
7.84644
7.19886
6.58656
5.96179
5.36393
4.87328
4.46861
4.07318
3.66006
3.25837
2.88892
2.53072
2.18528
1.87117
1.56501
1.26055
0.968574
0.668052
0.382587
0.136739
-0.0965478
-0.332845
-0.565682
-0.780906
-0.977064
-1.15783
-1.33288
-1.51682
-1.68298
-1.83257
-1.98067
-2.12745
-2.26205
-2.3861
-2.50579
-2.62132
-2.73104
-2.83097
-2.91333
-3.00112
-3.08582
-3.16146
-3.22565
-3.30191
-3.36499
-3.41814
-3.46973
-3.51558
-3.56181
-3.60132
-3.63485
-3.65824
-3.68703
-3.7189
-3.72835
-3.74679
-3.76492
-3.77347
-3.77222
-3.78136
-3.79036
-3.79645
-3.79156
-3.79219
-3.79302
-3.78098
-3.77164
-3.74998
-3.73931
-3.72395
-3.71136
-3.70184
-3.69219
-3.67191
-3.63959
-3.61796
-3.58987
-3.5544
-3.53416
-3.51288
-3.49433
-3.46575
-3.43385
-3.39693
-3.35873
-3.32834
-3.29056
-3.25412
-3.21963
-3.19022
-3.15658
-3.12482
-3.08786
-3.03973
-3.00122
-2.96011
-2.9289
-2.89783
-2.86568
-2.82125
-2.78883
-2.75195
-2.7151
-2.68067
-2.64181
-2.60831
-2.56547
-2.52617
-2.48323
-2.45077
-2.41627
-2.37758
-2.33181
-2.28482
-2.24285
-2.20187
-2.16271
-2.12008
-2.07637
-2.04406
-2.00689
-1.96682
-1.92247
-1.88707
-1.85333
-1.81631
-1.78081
-1.74869
-1.71617
-1.68163
-1.65205
-1.61008
-1.57388
-1.53693
-1.50689
-1.47461
-1.4407
-1.40115
-1.36395
-1.33156
-1.29717
-1.2616
-1.22987
-1.20236
-1.17347
-1.13405
-1.09513
-1.06624
-1.04969
-1.01765
-0.989832
-0.970008
-0.945096
-0.912048
-0.880284
-0.850008
-0.81921
-0.789522
-0.762186
-0.740214
-0.708138
-0.683814
-0.66309
-0.635856
-0.604368
-0.581115
-0.563675
-0.542188
-0.511703
-0.481876
-0.447655
-0.422257
-0.394022
-0.381184
-0.369316
-0.344575
-0.324229
-0.30769
-0.286963
-0.270146
-0.256202
-0.238208
-0.220008
-0.201011
-0.182015
-0.165475
-0.146132
-0.127482
-0.106202
-0.0847482
-0.0668934
-0.0557518
-0.0340909
-0.00865836
0.00587449
0.0191963
0.02757
0.047397
0.0601998
0.0757704
0.0979158
0.115217
0.124421
0.127743
0.139819
0.147259
0.165459
0.178988
0.192725
0.201964
0.218573
0.235079
0.243521
0.255148
0.262103
0.272968
0.274906
0.288954
0.309023
0.324456
0.334767
0.348158
0.358435
0.373106
0.388089
0.394975
0.394698
0.402587
0.420442
0.429439
0.434491
0.438193
0.442138
0.448608
0.460373
0.472518
0.480373
0.49058
0.497674
0.501688
0.507466
0.515528
0.518885
0.512552
0.510788
0.515459
0.528574
0.538781
0.554041
0.561791
0.562138
0.559923
0.569092
0.57404
0.577363
0.577639
0.585909
0.590996
0.583902
0.585805
0.596705
0.596497
0.594975
0.599266
0.61131
0.622968
0.631272
0.625734
0.633696
0.638472
0.639024
0.639438
0.639198
0.634734
0.635634
0.642726
0.64515
0.64179
0.640128
0.63819
0.63231
0.643074
0.652206
0.651828
0.64764
0.644316
0.649992
0.647916
0.654942
0.652242
0.65712
0.66186
0.664038
0.65691
0.651552
0.647394
0.647538
0.650928
0.653178
0.647256
0.647952
0.645804
0.63591
0.635148
0.635388
0.631344
0.635772
0.638538
0.63909
0.632658
0.634176
0.636186
0.633384
0.629958
0.626496
0.622446
0.621618
0.61494
0.613938
0.614802
0.620064
0.6111
0.600198
0.602694
0.602346
0.602658
0.606426
0.603282
0.596255
0.58802
0.586048
0.583833
0.589265
0.586567
0.582553
0.576117
0.581584
0.581826
0.576047
0.573937
0.573176
0.577501
0.573833
0.564733
0.557432
0.556117
0.554802
0.551168
0.544006
0.547951
0.553245
0.547604
0.55276
0.547432
0.536809
0.535943
0.531653
0.529681
0.532691
0.541688
0.538677
0.526982
0.523729
0.523729
0.533764
0.532207
0.51584
0.510892
0.515875
0.511826
0.500096
0.497777
0.495355
0.491965
0.485217
0.478124
0.475771
0.472968
0.474248
0.467536
0.464317
0.459992
0.448608
0.442138
0.444248
0.439646
0.434836
0.426151
0.42148
0.425805
0.426463
0.42802
0.428885
0.424975
0.425044
0.419577
0.417778
0.416982
0.412172
0.40577
0.395356
0.395632
0.394663
0.398885
0.400684
0.393383
0.387259
0.38629
0.378124
0.36712
0.365321
0.352726
0.346913
0.347466
0.350062
0.341757
0.336636
0.343279
0.350269
0.345874
0.336705
0.327674
0.324767
0.325148
0.324698
0.321826
0.32449
0.314144
0.307363
0.2993
0.300823
0.301514
0.30629
0.308677
0.303002
0.303037
0.29712
0.296082
0.299854
0.302033
0.29539
0.282934
0.287017
0.283383
0.273868
0.269854
0.275805
0.276636
0.27667
0.260303
0.246913
0.239266
0.239092
0.246705
0.252518
0.247259
0.235909
0.233867
0.242518
0.245182
0.24802
0.25584
0.263833
0.255286
0.24193
0.231791
0.228954
0.230788
0.22539
0.220546
0.227536
0.22238
0.209438
0.201549
0.201203
0.198815
0.203279
0.203867
0.203487
0.203418
0.20411
0.200338
0.193798
0.19712
0.194006
0.195494
0.190788
0.186982
0.182795
0.178435
0.176497
0.173971
0.17802
0.176186
0.172034
0.176636
0.176809
0.163106
0.164144
0.166705
0.160027
0.152864
0.155286
0.156913
0.155321
0.143522
0.146671
0.146013
0.146393
0.152103
0.153072
0.146982
0.144767
0.147674
0.147501
0.144075
0.139404
0.135598
0.13058
0.129231
0.131999
0.134317
0.131238
0.116947
0.11584
0.1184
0.122276
0.115632
0.109334
0.100304
0.0964626
0.0963588
0.0925872
0.088089
0.0867396
0.0785388
0.0716532
0.0675006
0.0752862
0.074871
0.0725178
0.0792654
0.0761166
0.0744558
0.0728988
0.0698886
0.0660126
0.0613068
0.0560129
0.0495423
0.0431755
0.0389541
0.0299921
0.0262897
0.0361167
0.0391617
0.0315492
0.0257361
0.0294385
0.0318607
0.033487
0.0411686
0.0500267
0.0457015
0.0352517
0.028781
0.0254593
0.0279852
0.033833
0.0284005
0.0271894
0.0215146
0.0235561
0.0168088
0.0142482
0.0162205
0.0217568
0.0171202
0.0160129
0.0100267
0.004352
0.0112724
0.0178468
0.0188156
0.0097845
0.00321013
-0.000872916
-0.00416011
-0.0131912
-0.0147137
-0.0139179
-0.00945426
-0.0194542
-0.0224992
-0.0223608
-0.0107345
-0.0137103
-0.0167552
-0.00980028
-0.0121532
-0.015129
-0.0133297
-0.0137449
-0.0200425
-0.0181394
-0.0239871
-0.0262708
-0.026513
-0.0293504
-0.0323608
-0.0344023
-0.0345061
-0.0398003
-0.045821
-0.0468937
-0.0528106
-0.0504231
-0.0510459
-0.0502155
-0.049558
-0.0484162
-0.0421878
-0.0411497
-0.0455442
-0.0501117
-0.049212
-0.0545753
-0.0534335
-0.052084
-0.0444369
-0.0421532
-0.039385
-0.0358556
-0.0373781
-0.0311497
-0.0314266
-0.0299041
-0.0275857
-0.0306653
-0.0335027
-0.0344369
-0.0403539
-0.0465476
-0.0464438
-0.0556134
-0.0542639
-0.0445408
-0.0447137
-0.0544715
-0.0590736
-0.0568245
-0.0544023
-0.0557518
-0.055129
-0.0492466
-0.0527414
-0.0506999
-0.0508037
-0.0403193
-0.0378625
-0.0400771
-0.0423262
-0.038866
-0.0348868
-0.036686
-0.0458902
-0.038866
-0.0376895
-0.0396272
-0.0358556
-0.0349906
-0.0324646
-0.0410113
-0.0459594
-0.0469975
-0.0412882
-0.0428107
-0.0418418
-0.0398003
-0.0409421
-0.0482432
-0.0533989
-0.0459248
-0.0475857
-0.0462016
-0.05243
-0.0504231
-0.0444715
-0.0414611
-0.0521878
-0.0586584
-0.0578626
-0.0511151
-0.0575857
-0.058174
-0.0512881
-0.0492812
-0.0526376
-0.055821
-0.0594196
-0.0568937
-0.0528799
-0.0527068
-0.0576203
-0.0548176
-0.059731
-0.0693156
-0.0712884
-0.0713574
-0.0701808
-0.070527
-0.0695232
-0.0705612
-0.0711846
-0.0683472
-0.065475
-0.0627762
-0.0568245
-0.0555788
-0.059558
-0.0562363
-0.0593504
-0.0691428
-0.0701118
-0.0727416
-0.0718416
-0.0803538
-0.089316
-0.0910458
-0.0840912
-0.0732258
-0.0775512
-0.0850596
-0.083814
-0.0813918
-0.0760284
-0.0657174
-0.0622224
-0.0599732
-0.0552674
-0.0586584
-0.0668934
-0.0637794
-0.0662364
-0.0682776
-0.0644718
-0.0637104
-0.066063
-0.0706656
-0.0701118
-0.0729492
-0.0722568
-0.0713922
-0.069489
-0.0730182
-0.076098
-0.0785202
-0.0789006
-0.0757866
-0.07461
-0.0731568
-0.0763056
-0.0755094
-0.090873
-0.0882084
-0.0865824
-0.085371
-0.0834336
-0.0865824
-0.0838488
-0.0798
-0.0747828
-0.0855786
-0.0898692
-0.0866166
-0.08115
-0.080769
-0.081807
-0.0830874
-0.0837102
-0.0704574
-0.0622224
-0.0677244
-0.0682434
-0.072153
-0.0718764
-0.0719454
-0.0671706
-0.0712536
-0.0707694
-0.069558
-0.0708732
-0.0635028
-0.0572051
-0.0566861
-0.06243
-0.0613572
-0.0518418
-0.055821
-0.0606654
-0.0659592
-0.0708732
-0.0652326
-0.0548176
-0.0600078
-0.0671706
-0.064506
-0.0622224
-0.0595234
-0.0593158
-0.0563054
-0.0480355
-0.0446791
-0.045994
-0.0446446
-0.0407691
-0.0466514
-0.0518072
-0.0512881
-0.0507691
-0.0544369
-0.056513
-0.0514958
-0.0521878
-0.0509421
-0.0593504
-0.055129
-0.0502501
-0.0401463
-0.0396272
-0.0469283
-0.0518418
-0.0567553
-0.0637104
-0.0687276
-0.0660288
-0.0588314
-0.0676206
-0.0684162
-0.068589
-0.0651984
-0.0619458
-0.0600768
-0.0623952
-0.0628452
-0.0650946
-0.0592812
-0.049212
-0.0547483
-0.0609768
-0.0598349
-0.0528106
-0.0540217
-0.0571359
-0.0561325
-0.0646794
-0.0611844
-0.0573781
-0.0538141
-0.0550598
-0.059731
-0.0658212
-0.0669282
-0.065994
-0.0653364
-0.0717378
-0.0763398
-0.065475
-0.0628452
-0.0593158
-0.0589698
-0.0598003
-0.062949
-0.0656478
-0.0612534
-0.0612534
-0.0543331
-0.0462362
-0.0448175
0
0
0
0
0
0
0
0
0
0
0
0
0
0
0
0
0
0
0
0
0
0
0
0
0
0
0
0
0
0
0
0
0
0
0
0
0
0
0
0
0
0
0
0
0
0
0
0
0
0
0
0
0
0
0
0
0
0
0
0
0
0
0
0
0
0
0
0
0
0
0
0
0
0
0
0
0
0
0
0
0
0
0
0
0
0
0
0
0
0
0
0
0
0
0
0
0
0
0
0
0
0
0
0
0
0
0
0
0
0
0
0
0
0
0
0
0
0
0
0
0
0
0
0
0
0
0
