0
1.44054
3.75693
5.66982
6.97652
7.7585
8.15388
8.28795
8.25616
8.12507
7.93839
7.72346
7.49657
7.26698
7.03956
6.81667
6.59923
6.38744
6.18115
5.98008
5.78393
5.59241
5.4053
5.2224
5.04355
4.86862
4.6975
4.53009
4.36631
4.20608
4.04934
3.896
3.74602
3.59931
3.45582
3.31548
3.17824
3.04404
2.91282
2.78452
2.65909
2.53647
2.4166
2.29944
2.18493
2.07303
1.96367
1.85682
1.75242
1.65043
1.55079
1.45348
1.35843
1.26561
1.17497
1.08647
1.00007
0.91573
0.833408
0.753065
0.674662
0.598162
0.523528
0.450723
0.379712
0.310458
0.242929
0.17709
0.112908
0.0503498
-0.0106158
-0.0700204
-0.127895
-0.184269
-0.239173
-0.292637
-0.344687
-0.395353
-0.444662
-0.492641
-0.539317
-0.584715
-0.628862
-0.671781
-0.713499
-0.754039
-0.793424
-0.831679
-0.868825
-0.904886
-0.939883
-0.973838
-1.00677
-1.03871
-1.06966
-1.09966
-1.12871
-1.15685
-1.18408
-1.21043
-1.23591
-1.26055
-1.28436
-1.30736
-1.32956
-1.35098
-1.37164
-1.39156
-1.41074
-1.42921
-1.44698
-1.46406
-1.48047
-1.49623
-1.51135
-1.52583
-1.5397
-1.55297
-1.56566
-1.57776
-1.5893
-1.60029
-1.61075
-1.62067
-1.63008
-1.63898
-1.64739
-1.65532
-1.66278
-1.66978
-1.67633
-1.68243
-1.68811
-1.69337
-1.69821
-1.70266
-1.70671
-1.71038
-1.71367
-1.7166
-1.71917
-1.7214
-1.72328
-1.72483
-1.72606
-1.72697
-1.72757
-1.72787
-1.72787
-1.72759
-1.72703
-1.7262
-1.7251
-1.72374
-1.72213
-1.72027
-1.71817
-1.71583
-1.71327
-1.71049
-1.70749
-1.70428
-1.70086
-1.69724
-1.69343
-1.68943
-1.68525
-1.68089
-1.67635
-1.67165
-1.66678
-1.66175
-1.65657
-1.65123
-1.64575
-1.64013
-1.63437
-1.62848
-1.62246
-1.61631
-1.61004
-1.60365
-1.59715
-1.59054
-1.58382
-1.577
-1.57008
-1.56306
-1.55595
-1.54875
-1.54147
-1.5341
-1.52665
-1.51912
-1.51151
-1.50384
-1.4961
-1.48829
-1.48041
-1.47248
-1.46449
-1.45644
-1.44834
-1.44018
-1.43198
-1.42373
-1.41544
-1.40711
-1.39874
-1.39033
-1.38188
-1.3734
-1.36489
-1.35635
-1.34778
-1.33919
-1.33057
-1.32193
-1.31327
-1.30459
-1.2959
-1.28718
-1.27846
-1.26972
-1.26097
-1.25222
-1.24345
-1.23468
-1.2259
-1.21712
-1.20834
-1.19955
-1.19077
-1.18198
-1.1732
-1.16443
-1.15566
-1.14689
-1.13813
-1.12938
-1.12064
-1.11191
-1.10319
-1.09448
-1.08578
-1.0771
-1.06843
-1.05978
-1.05115
-1.04253
-1.03393
-1.02535
-1.01679
-1.00825
-0.999729
-0.991231
-0.982755
-0.974303
-0.965875
-0.95747
-0.949091
-0.940737
-0.93241
-0.924109
-0.915835
-0.907588
-0.899371
-0.891181
-0.883021
-0.874891
-0.86679
-0.85872
-0.850681
-0.842673
-0.834697
-0.826753
-0.818842
-0.810963
-0.803117
-0.795305
-0.787527
-0.779782
-0.772072
-0.764397
-0.756756
-0.749151
-0.741581
-0.734047
-0.726549
-0.719086
-0.71166
-0.704271
-0.696918
-0.689602
-0.682323
-0.675081
-0.667877
-0.66071
-0.653581
-0.646489
-0.639435
-0.63242
-0.625442
-0.618503
-0.611602
-0.604739
-0.597915
-0.59113
-0.584383
-0.577674
-0.571005
-0.564374
-0.557781
-0.551228
-0.544714
-0.538238
-0.531802
-0.525404
-0.519045
-0.512725
-0.506445
-0.500203
-0.494
-0.487836
-0.48171
-0.475624
-0.469576
-0.463567
-0.457598
-0.451666
-0.445773
-0.439919
-0.434104
-0.428327
-0.422588
-0.416888
-0.411226
-0.405603
-0.400017
-0.39447
-0.388961
-0.383489
-0.378056
-0.37266
-0.367302
-0.361981
-0.356698
-0.351452
-0.346244
-0.341073
-0.335938
-0.330841
-0.325781
-0.320757
-0.31577
-0.31082
-0.305906
-0.301028
-0.296186
-0.291381
-0.286611
-0.281877
-0.277179
-0.272516
-0.267888
-0.263296
-0.258739
-0.254217
-0.24973
-0.245277
-0.24086
-0.236476
-0.232127
-0.227812
-0.223531
-0.219284
-0.21507
-0.21089
-0.206744
-0.202631
-0.198551
-0.194503
-0.190489
-0.186508
-0.182558
-0.178642
-0.174757
-0.170905
-0.167084
-0.163295
-0.159538
-0.155813
-0.152118
-0.148455
-0.144822
-0.141221
-0.13765
-0.13411
-0.1306
-0.12712
-0.12367
-0.12025
-0.11686
-0.113499
-0.110168
-0.106866
-0.103593
-0.100349
-0.0971335
-0.0939468
-0.0907886
-0.0876586
-0.0845568
-0.0814829
-0.0784368
-0.0754183
-0.0724274
-0.0694637
-0.0665272
-0.0636178
-0.0607352
-0.0578792
-0.0550498
-0.0522468
-0.0494701
-0.0467193
-0.0439945
-0.0412954
-0.038622
-0.0359739
-0.0333511
-0.0307535
-0.0281808
-0.025633
-0.0231098
-0.0206111
-0.0181367
-0.0156866
-0.0132605
-0.0108583
-0.00847986
-0.00612498
-0.00379355
-0.00148539
0.000799622
0.00306165
0.00530085
0.00751735
0.00971131
0.0118829
0.0140322
0.0161595
0.0182648
0.0203483
0.0224101
0.0244504
0.0264694
0.0284672
0.0304439
0.0323996
0.0343346
0.0362489
0.0381426
0.0400161
0.0418693
0.0437024
0.0455156
0.047309
0.0490827
0.0508369
0.0525717
0.0542872
0.0559836
0.057661
0.0593196
0.0609595
0.0625808
0.0641836
0.0657682
0.0673345
0.0688828
0.0704132
0.0719258
0.0734207
0.0748981
0.0763581
0.0778008
0.0792264
0.0806349
0.0820266
0.0834014
0.0847597
0.0861014
0.0874267
0.0887357
0.0900286
0.0913055
0.0925664
0.0938116
0.0950411
0.096255
0.0974535
0.0986367
0.0998047
0.08100958
0.07102096
0.06103219
0.05104327
0.04105421
0.031065
0.02107565
0.0108616
