0.007114221106219553
0.20861309588905777
1.5825664243609334
4.85317173866057
7.716469895290927
10.015145570577417
11.481055251185875
12.372927305482872
12.662742502097386
12.473795615138528
12.058368212312109
11.712964651820286
11.365476787355487
10.980575320345904
10.662205390121562
10.367729939108964
9.994143265095564
9.658743440394316
9.346067837856893
8.939605481133489
8.550920875461975
8.220719115596998
7.921911174487768
7.5992064459674316
7.333872011188333
7.03580500205622
6.706129511632943
6.415945003129526
6.144874693075948
5.836053783378926
5.554444235295873
5.306700587424909
5.040207436594373
4.815573480171297
4.581138909496552
4.328474180706005
4.087613583164403
3.862808819992703
3.6438691912565835
3.440842288533419
3.2306276531725495
3.0190973442074913
2.8297811453597332
2.6441395998065196
2.4504678288690527
2.2666728427603293
2.0951990245450145
1.9197551035240308
1.7655535407126899
1.6216811697939932
1.4600725954109057
1.2922872796859737
1.142224318229604
0.995295891430272
0.8575748716610614
0.7305777458657661
0.6104475130046962
0.4882929893525967
0.3721351674965049
0.25703680912169147
0.13356661186538588
0.008429894710423791
-0.10771407794983735
-0.20733595998045917
-0.2924761995676116
-0.3785443352756264
-0.4672368935941338
-0.556654226494603
-0.6522783073278894
-0.7467782950993374
-0.8327541028351254
-0.9148752177305256
-0.9905749221576868
-1.0571780131213968
-1.1127271376104828
-1.175967182185899
-1.2473851769011315
-1.321055974138653
-1.3918068992545622
-1.4544560448077384
-1.5081401442578826
-1.5582696167773686
-1.6034826247758809
-1.6497897192452584
-1.699201341780697
-1.7454207246764601
-1.7997372707363462
-1.8504184028898794
-1.8968178253314851
-1.9342383524742193
-1.965064354200792
-1.9950040073940083
-2.02628010798518
-2.0615286195813254
-2.098286693523347
-2.1311854582263705
-2.163710294641882
-2.192091913303803
-2.2157855791760075
-2.2393776842787623
-2.258651148480701
-2.2766966506520507
-2.2977266545255666
-2.322098930993623
-2.3444330674748164
-2.3623193038940773
-2.37774269165424
-2.3903085286740438
-2.4029713100646846
-2.4142814866622295
-2.42345427070277
-2.436767964297594
-2.4502132252528366
-2.461391834489963
-2.4681479338575176
-2.474086930670882
-2.479377323479367
-2.4847184966725733
-2.48971805636855
-2.49843150874727
-2.5025862674973887
-2.5027547660466993
-2.5051437523280176
-2.507004160968348
-2.5051045129398215
-2.5045643943023057
-2.504822912624536
-2.5041396856300717
-2.503606491590473
-2.503528012814081
-2.501506030222357
-2.4956870597728873
-2.4908029100421927
-2.4881184742497546
-2.484674640885767
-2.4796266090043733
-2.4757903817584306
-2.4687711476700356
-2.4630191150004266
-2.4561753040592587
-2.4468617198610736
-2.439740925003234
-2.4314937288842513
-2.4237589530111125
-2.4173098441512044
-2.4093857959350067
-2.4004322908285003
-2.390043085753898
-2.3810203346682233
-2.369195429625523
-2.3582499485182664
-2.3489455971173068
-2.3387110413961807
-2.3289058107459013
-2.315829861679555
-2.3064054839147032
-2.2936965385379517
-2.2825086965036046
-2.2685371661066784
-2.2580856396508238
-2.2449196708115595
-2.234385049180703
-2.221362188698388
-2.2086393941258047
-2.1969668302372756
-2.183976284545237
-2.1701871018934566
-2.1581729245076966
-2.143005746870457
-2.13038451306732
-2.1162629497155265
-2.1039717884130917
-2.0908496753606336
-2.0768112071838445
-2.063557526770967
-2.049408265027507
-2.0349543209757055
-2.0203849669586225
-2.00714975214019
-1.9926934998890815
-1.9777225191928196
-1.9633008899312974
-1.9501880096760618
-1.9340006079457404
-1.9203499172522946
-1.9051804314157517
-1.8910819500570146
-1.879626356903216
-1.865553265736841
-1.8521634015649289
-1.8372593586485295
-1.8216374657480836
-1.80703118054211
-1.792965013973652
-1.7775647082065447
-1.762619117702645
-1.7488807154355854
-1.7329541402267992
-1.7188695080638972
-1.7039123765634698
-1.690423259821419
-1.6759947059619804
-1.6605366952122322
-1.6455218587291647
-1.633078356272561
-1.6197946692687089
-1.6034318443911588
-1.589483395987287
-1.5753179768486876
-1.5614849384100997
-1.5485474813020914
-1.5348160036329495
-1.520879096225608
-1.5052918263147463
-1.4917057652018575
-1.476861735467406
-1.4604942941912442
-1.4471552104040588
-1.4344416486286964
-1.4193875727574325
-1.4064293418556741
-1.3936696160941981
-1.3788763667444708
-1.365636535527426
-1.3512679948499315
-1.336647860448126
-1.3252661296721058
-1.310643687070995
-1.2964274875476718
-1.283875499723703
-1.2715289416379347
-1.2598079055639873
-1.2450723611968981
-1.23194563174583
-1.217766363411398
-1.202977730460281
-1.19129131737592
-1.1787116311602828
-1.1677292188641368
-1.1532383436234457
-1.1455474235371148
-1.1325176384568818
-1.1191785546696953
-1.1084038803110539
-1.0932205452786763
-1.079355192049808
-1.0696746041620313
-1.0574942364262667
-1.0467057128717923
-1.0337059343825312
-1.0214978682550995
-1.0107255020957633
-0.9984274161954114
-0.9878096993895525
-0.9749322554634892
-0.9655840482757216
-0.9550032626587526
-0.9425736093979813
-0.9329045625067326
-0.9208119063445829
-0.9097417824748234
-0.9007374969835944
-0.8918740116500085
-0.8803930283038464
-0.8704654630903682
-0.8583612659316897
-0.8467394824278851
-0.835230800690057
-0.8278814941009588
-0.8159134807013103
-0.8064590963454856
-0.7964461277576996
-0.7848104950580626
-0.7743889751931814
-0.7653731487054242
-0.7542222378599669
-0.7448717224728945
-0.7378040161990816
-0.7262976426605595
-0.7176580526596178
-0.7089976888649252
-0.6976298072847397
-0.6890317648713006
-0.6794527377529712
-0.6722834707097113
-0.6636092577191849
-0.6546395952175397
-0.6455475981526975
-0.6363332665246577
-0.6272551186556482
-0.618359318531783
-0.6095327643870863
-0.600364596745158
-0.5900746442406974
-0.5833323940689764
-0.5750344175652671
-0.5664363751518268
-0.5587316058696625
-0.5507890920590188
-0.5440791566775772
-0.5324204419848833
-0.5237393043964415
-0.5173294349247306
-0.5100262923217447
-0.5032448027618283
-0.4952976725525736
-0.4876459918544393
-0.4803243836570079
-0.4724280338324761
-0.4652726159850498
-0.4568984689042551
-0.4522520637020387
-0.4458652762233836
-0.43839825146969846
-0.4300748847736275
-0.4246921639929178
-0.4160733477857264
-0.40968656030707196
-0.40165633492281483
-0.39543573779416435
-0.3878048308897797
-0.38222591316809235
-0.37564985334637696
-0.36937155123508586
-0.3645658802807819
-0.35743816082502294
-0.3510098257588678
-0.3466173224802703
-0.33981736732590906
-0.3327981332375137
-0.32614359463940706
-0.3201630502385418
-0.3128068190515258
-0.3066693170978784
-0.3016489836081518
-0.2964693843663372
-0.2914398180793877
-0.2848891484500338
-0.28024966784573474
-0.27312425658928136
-0.2696711904280719
-0.26324285536191583
-0.25818097428468784
-0.2514710389032464
-0.24504270383709062
-0.2425406157897969
-0.2358191394118275
-0.23143125253184113
-0.22611085313238333
-0.2225654589989489
-0.21706963645226446
-0.2120146799729537
-0.2076037110999111
-0.20207788196225354
-0.19710832885725085
-0.19311283585921982
-0.1872523178222469
-0.18294752611726292
-0.1764845680615232
-0.17240828808779546
-0.16934530760923616
-0.1653867458000956
-0.15921692905616924
-0.15535300341855923
-0.15052886686981007
-0.1464133475078871
-0.14045126870146712
-0.13705590752289765
-0.13532244984437602
-0.1294803974018479
-0.12369374174265474
-0.1196936323460128
-0.11570275574659329
-0.10963911617072575
-0.10645841752757934
-0.10156965139827297
-0.09902601576347819
-0.09566758577379908
-0.09287928101260844
-0.08731190428744917
-0.0847474948589036
-0.0816729733838157
-0.07663648249894986
-0.07414824364749006
-0.07018275724043233
-0.06474002327777693
-0.06257724052840963
-0.05953734204290619
-0.05691061123310893
-0.053891486541356025
-0.05147711006767598
-0.04743314488422681
-0.04328761893133088
-0.04089170805209573
-0.037967219531873375
-0.035435124893606604
-0.03378245419078164
-0.030950293642784087
-0.028967550439255252
-0.025311362739150845
-0.02139665671681683
-0.017708154226433723
-0.01681026469654697
-0.013802681001322198
-0.010954363058185305
-0.011392920926253386
-0.009929522566489374
-0.006520312192086464
-0.0029656852614294016
-0.0005259185953875092
0.0015445361817549488
0.003575751570701841
0.00406047342488235
0.007340424638170458
0.009270079257670004
0.010828113788964498
0.01700947152941879
0.0163977987134291
0.02077645279619303
0.02046022949132289
0.02259993024763399
0.025245126651876188
0.02739406020540978
0.028134992182514272
0.03047781447772006
0.03198968502290213
0.03587438445426305
0.039645982119648614
0.041787991075265256
0.044460885871174846
0.044430879280201806
0.04710146587680606
0.047182252852502785
0.04949506855673537
0.052202586342229254
0.05457079882979678
0.05583107565066609
0.05609421037150697
0.058266225918096805
0.06073830737441729
0.06396978640228733
0.06459300021480513
0.06721280642668559
0.06730975079752169
0.06724512121696428
0.07012113755176866
0.07274094376364904
0.07418587652896808
0.07817213672977655
0.07972093846384865
0.08047802783609243
0.0831532308313076
0.08343944754520467
0.08263619418684837
0.08382260862993783
0.08809046914603169
0.09014245832872911
0.09302078286283914
0.09768334546019462
0.09780798822269818
0.0983065592727125
0.10091944088667602
0.1023643736519951
0.10685843770003996
0.10591669238334647
0.10584744640417783
0.10759706147783873
0.10917817800218947
0.11142867232517044
0.11289437888423993
0.11430007226136353
0.11762387926145845
0.11849637859898339
0.11767927604479336
0.11825632587119869
0.11925577617053285
0.12059914816640448
0.12080688610391045
0.120834584495578
0.12549253069432217
0.12436151303456766
0.12746142470201713
0.12896175425067105
0.12817465828745417
0.1289571378520598
0.12883711148816748
0.1280223171332832
0.12958265986388323
0.12957111886735517
0.1308244710903076
0.13329193614801685
0.1332111491723201
0.13364970704038823
0.13353891347371832
0.13236634822646265
0.13494922324945308
0.13303572602509284
0.13727588814951935
0.138247640057186
0.13642877900435638
0.13959562845166898
0.13939712331138554
0.14146988628783347
0.1410382530176824
0.1407982002898977
0.14359112144969985
0.14417509587402202
0.14474522110251056
0.1455738646532288
0.14687799726090495
0.1476974080144006
0.14884689126860007
