   0
   0.29052  
   0.66626
   1.09020
   1.80580
   2.76507
   3.93152
   5.24410
   6.60611
   7.97322
   9.49572
  11.21933
  12.67301
  11.55761
  10.11989
   9.03222
   8.29832
   7.63929
   7.00282
   6.38116
   5.74505
   5.16660
   4.70371
   4.32652
   3.96994
   3.63973
   3.34710
   3.11245
   2.87102
   2.62521
   2.38462
   2.14863
   1.89207
   1.66410
   1.44885
   1.23155
   1.01887
   0.81240
   0.62253
   0.43186
   0.26912
   0.08102
  -0.09290
  -0.25566
  -0.39936
  -0.52903
  -0.67787
  -0.80368
  -0.92535
  -1.02202
  -1.12054
  -1.23287
  -1.37289
  -1.47362
  -1.54093
  -1.61753
  -1.69113
  -1.76401
  -1.84755
  -1.93947
  -2.00864
  -2.07631
  -2.13084
  -2.15677
  -2.19079
  -2.23373
  -2.26096
  -2.28711
  -2.34858
  -2.39818
  -2.41943
  -2.43729
  -2.46430
  -2.51222
  -2.53157
  -2.54146
  -2.55438
  -2.57056
  -2.58240
  -2.60067
  -2.60101
  -2.60604
  -2.60593
  -2.61454
  -2.60762
  -2.60848
  -2.59334
  -2.58620
  -2.58837
  -2.58662
  -2.59097
  -2.57611
  -2.58417
  -2.57847
  -2.55817
  -2.54837
  -2.54571
  -2.55555
  -2.53352
  -2.51118
  -2.48030
  -2.46436
  -2.43851
  -2.42594
  -2.41846
  -2.42101
  -2.39504
  -2.37492
  -2.36855
  -2.34076
  -2.30681
  -2.28286
  -2.28489
  -2.25219
  -2.21905
  -2.18497
  -2.15760
  -2.12069
  -2.08055
  -2.08632
  -2.07212
  -2.05624
  -2.02814
  -2.00340
  -1.97149
  -1.94006
  -1.91519
  -1.88560
  -1.86112
  -1.84303
  -1.80656
  -1.75392
  -1.75382
  -1.73110
  -1.70427
  -1.66516
  -1.63689
  -1.60089
  -1.57479
  -1.54159
  -1.52496
  -1.52974
  -1.51332
  -1.48963
  -1.44711
  -1.44724
  -1.44688
  -1.42631
  -1.39966
  -1.37900
  -1.33348
  -1.29961
  -1.26632
  -1.23325
  -1.19749
  -1.17548
  -1.16177
  -1.14878
  -1.12979
  -1.11140
  -1.08166
  -1.05051
  -1.00551
  -0.99274
  -0.97579
  -0.95371
  -0.92062
  -0.90493
  -0.90596
  -0.88758
  -0.87296
  -0.85322
  -0.83561
  -0.81876
  -0.80421
  -0.78469
  -0.76132
  -0.72776
  -0.70804
  -0.69793
  -0.67093
  -0.64184
  -0.62145
  -0.60865
  -0.59104
  -0.58222
  -0.55495
  -0.54759
  -0.54330
  -0.50978
  -0.48301
  -0.46196
  -0.43768
  -0.41017
  -0.39042
  -0.37278
  -0.35742
  -0.33448
  -0.33178
  -0.32988
  -0.33442
  -0.32880
  -0.29892
  -0.29129
  -0.29269
  -0.28313
  -0.27917
  -0.24864
  -0.21762
  -0.18352
  -0.16146
  -0.15361
  -0.15883
  -0.14424
  -0.14348
  -0.13836
  -0.13059
  -0.10889
  -0.06759
  -0.05719
  -0.05448
  -0.05143
  -0.02206
   0.00148
   0.00017
   0.01196
   0.01498
   0.01523
   0.00627
   0.00899
   0.02635
   0.02621
   0.04937
   0.07454
   0.09066
   0.10963
   0.11115
   0.11582
   0.12882
   0.14616
   0.15474
   0.15391
   0.14541
   0.15499
   0.17557
   0.18328
   0.19194
   0.19699
   0.20960
   0.20257
   0.21030
   0.22075
   0.21297
   0.22200
   0.22142
   0.20561
   0.20964
   0.22633
   0.24959
   0.27674
   0.29197
   0.29025
   0.29708
   0.30590
   0.30478
   0.31411
   0.30174
   0.29872
   0.31158
   0.33302
   0.32397
   0.31296
   0.31187
   0.32340
   0.32104
   0.32733
   0.33115
   0.31145
   0.32226
   0.36607
   0.37881
   0.37059
   0.37639
   0.38572
   0.38923
   0.39246
   0.39804
   0.40866
   0.39583
   0.39684
   0.39545
   0.39189
   0.39704
   0.39929
   0.40909
   0.41814
   0.41891
   0.42868
   0.43109
   0.41021
   0.40295
   0.40481
   0.41833
   0.44354
   0.44674
   0.43149
   0.40700
   0.42243
   0.43385
   0.43139
   0.42994
   0.44092
   0.45153
   0.45336
   0.44280
   0.43308
   0.43432
   0.43149
   0.43537
   0.44294
   0.43988
   0.43968
   0.43685
   0.43931
   0.43100
   0.43889
   0.43661
   0.43335
   0.43225
   0.43259
   0.43287
   0.44251
   0.45061
   0.45691
   0.46408
   0.45507
   0.44614
   0.44488
   0.42917
   0.40487
   0.39700
   0.42180
   0.43418
   0.42634
   0.43427
   0.45492
   0.45500
   0.44101
   0.43704
   0.43050
   0.42797
   0.43256
   0.44540
   0.45109
   0.45406
   0.45808
   0.44646
   0.41006
   0.41115
   0.43745
   0.44505
   0.44342
   0.43043
   0.41896
   0.41578
   0.42682
   0.44172
   0.44091
   0.43066
   0.42222
   0.42198
   0.43126
   0.41402
   0.40483
   0.39357
   0.40415
   0.38657
   0.40076
   0.41370
   0.42320
   0.41759
   0.41823
   0.42197
   0.43277
   0.40904
   0.39468
   0.39323
   0.39550
   0.39319
   0.38893
   0.37006
   0.36225
   0.36574
   0.38606
   0.41435
   0.39596
   0.37872
   0.38021
   0.37428
   0.38360
   0.37096
   0.34294
   0.33604
   0.33719
   0.36298
   0.34755
   0.33757
   0.34556
   0.34184
   0.34230
   0.35512
   0.35250
   0.36269
   0.36040
   0.36233
   0.37323
   0.35951
   0.35130
   0.35006
   0.32818
   0.31087
   0.31831
   0.31357
   0.31686
   0.30764
   0.29156
   0.27567
   0.29584
   0.31809
   0.32164
   0.32164
   0.32580
   0.31165
   0.29635
   0.29806
   0.30889
   0.30885
   0.30699
   0.29924
   0.29800
   0.28573
   0.30740
   0.31594
   0.30972
   0.29010
   0.27568
   0.26327
   0.26679
   0.25941
   0.26887
   0.27661
   0.27372
   0.27124
   0.26575
   0.27919
   0.27852
   0.26203
   0.26480
   0.26107
   0.24986
   0.22686
   0.22651
   0.22352
   0.22778
   0.22119
   0.22754
   0.22250
   0.21971
   0.21230
   0.23031
   0.25963
   0.25991
   0.25472
   0.25535
   0.24380
   0.23797
   0.24790
   0.24530
   0.23413
   0.19321
   0.19882
   0.18993
   0.19308
   0.17910
   0.17156
   0.18301
   0.19204
   0.18251
   0.17672
   0.18646
   0.18570
   0.19545
   0.21003
   0.19213
   0.16593
   0.16819
   0.18128
   0.17292
   0.16446
   0.17363
   0.17660
   0.16506
   0.16252
   0.16928
   0.15483
   0.15065
   0.14819
   0.14766
   0.13714
   0.15403
   0.17267
   0.17422
   0.17533
   0.17423
   0.18421
   0.17020
   0.15244
   0.14020
   0.13868
   0.14132
   0.13735
   0.09896
   0.09012
   0.12624
   0.14400
   0.12863
   0.11064
   0.12024
   0.12366
   0.11796
   0.11182
   0.08730
   0.07891
   0.07184
   0.08786
   0.09068
   0.08934
   0.09726
   0.11218
   0.11126
   0.10713
   0.09831
   0.08789
   0.10521
   0.11418
   0.11676
   0.10618
   0.10520
   0.11554
   0.10889
   0.11659
   0.09757
   0.07755
   0.07722
   0.07163
   0.07390
   0.07351
   0.08568
   0.07439
   0.06974
   0.05583
   0.07583
   0.07024
   0.05631
   0.04632
   0.03766
   0.04044
   0.03838
   0.03728
   0.03760
   0.06497
   0.08237
   0.07532
   0.07074
   0.06616
   0.06292
   0.06173
   0.07615
   0.08061
   0.07488
   0.08471
   0.07805
   0.06347
   0.05379
   0.06779
   0.07054
   0.06074
   0.06678
   0.07109
   0.06036
   0.03774
   0.02100
   0.02217
   0.03108
   0.04040
   0.03860
   0.04039
   0.03062
   0.02621
   0.01274
   0.00691
  -0.00397
   0.01641
   0.02672
   0.02346
   0.00952
   0.00676
   0.00933
   0.01374
   0.01627
   0.02545
   0.01696
   0.00507
   0.02336
   0.02978
   0.03604
   0.01919
   0.00500
  -0.00324
   0.00467
   0.01659
   0.01360
   0.01661
   0.00113
  -0.02026
  -0.01075
   0.00507
   0.01065
   0.02074
   0.00138
  -0.00709
  -0.00731
  -0.00854
  -0.01307
  -0.01235
   0.00162
  -0.01049
  -0.00886
   0.01068
   0.00815
  -0.00438
  -0.00649
  -0.01024
   0.00833
  -0.00330
  -0.01382
  -0.01504
  -0.00955
  -0.01498
  -0.01031
  -0.01745
  -0.00347
  -0.01549
  -0.00105
  -0.00967
  -0.03616
  -0.04585
  -0.03693
  -0.02331
  -0.02477
  -0.01766
   0.00437
   0.00361
   0.00812
   0.01178
   0.00327
  -0.00203
  -0.00218
   0.00302
   0.00246
  -0.01240
  -0.04238
  -0.02656
  -0.00169
   0.00009
  -0.00757
  -0.02536
  -0.03967
  -0.05081
  -0.04623
  -0.04327
  -0.02972
  -0.03761
  -0.03654
  -0.03500
  -0.03776
  -0.02211
  -0.03223
  -0.04250
  -0.03799
  -0.03670
  -0.03117
  -0.03367
  -0.03494
  -0.03965
  -0.04143
  -0.05731
  -0.06236
  -0.05940
  -0.03950
  -0.02664
  -0.01562
  -0.02544
  -0.03860
  -0.06101
  -0.05394
  -0.04118
  -0.03092
  -0.02719
  -0.04254
  -0.05767
  -0.06968
  -0.06899
  -0.04309
  -0.03633
  -0.02468
  -0.02302
  -0.03418
  -0.06530
  -0.06324
  -0.03640
  -0.01433
  -0.02135
  -0.04975
  -0.05883
  -0.05156
  -0.06304
  -0.06680
  -0.05408
  -0.04703
  -0.04620
  -0.04536
  -0.05817
  -0.05366
  -0.05027
  -0.05268
  -0.05657
  -0.05016
  -0.03878
  -0.03959
  -0.06672
  -0.05950
  -0.05186
  -0.06051
  -0.05953
  -0.04497
  -0.04535
  -0.04408
  -0.03506
  -0.04704
  -0.05150
  -0.05496
  -0.03244
  -0.03718
  -0.05986
  -0.08096
  -0.08820
  -0.08220
  -0.05525
  -0.04054
  -0.04204
  -0.05297
  -0.06052
  -0.06476
  -0.04544
  -0.05780
  -0.05197
  -0.06063
  -0.07484
  -0.07161
  -0.05477
  -0.06113
  -0.06603
  -0.06550
  -0.06568
  -0.07810
  -0.06739
  -0.05567
  -0.05092
  -0.05280
  -0.04515
  -0.04402
  -0.05017
  -0.05341
  -0.04390
  -0.03614
  -0.04111
  -0.04467
  -0.03149
  -0.03313
  -0.02116
  -0.03851
  -0.05351
  -0.06239
  -0.06787
  -0.03832
  -0.05963
  -0.07561
  -0.07913
  -0.07732
  -0.08354
  -0.07659
  -0.07065
  -0.06476
  -0.07643
  -0.07618
  -0.06998
  -0.06497
  -0.06753
  -0.07176
  -0.08087
  -0.08256
  -0.06737
  -0.05851
  -0.07725
  -0.08421
  -0.07811
  -0.07247
  -0.07774
  -0.05795
  -0.03367
  -0.03259
  -0.02159
  -0.01345
  -0.03537
  -0.04851
  -0.05523
  -0.04629
  -0.05007
  -0.05710
  -0.07203
  -0.08809
  -0.09067
  -0.08680
  -0.08390
  -0.08342
  -0.07132
  -0.07151
  -0.06835
  -0.05023
  -0.04673
  -0.05207
  -0.06681
  -0.05776
  -0.05430
  -0.06197
  -0.08814
  -0.09142
  -0.07825
  -0.08875
  -0.08706
  -0.07823
  -0.08482
  -0.08409
  -0.07042
  -0.04756
  -0.03825
  -0.04546
  -0.05128
  -0.06608
  -0.06675
  -0.08923
  -0.08374
  -0.06206
  -0.07227
  -0.08700
  -0.08963
  -0.09173
  -0.07466
  -0.08382
  -0.10052
  -0.10319
  -0.09963
  -0.09773
  -0.11170
  -0.10874
  -0.11219
  -0.10029
  -0.12170
  -0.11631
  -0.10827
  -0.11465
  -0.11326
  -0.10029
  -0.11482
  -0.12083
  -0.11102
  -0.10202
  -0.09605
  -0.08797
  -0.07864
  -0.08149
  -0.07650
  -0.08566
  -0.08722
  -0.08867
  -0.09108
  -0.08040
  -0.06558
  -0.06002
  -0.06292
  -0.06110
  -0.06496
  -0.05641
  -0.04953
  -0.06157
  -0.06235
  -0.06244
  -0.06135
  -0.05127
  -0.04906
  -0.05492
  -0.07598
  -0.08379
  -0.09291
  -0.09515
  -0.10294
  -0.08001
  -0.07425
  -0.08302
  -0.08421
  -0.08378
  -0.07649
  -0.06671
  -0.04745
  -0.04370
  -0.04020
  -0.03430
  -0.01256
  -0.01766
  -0.03459
  -0.05300
  -0.06275
  -0.04884
  -0.07217
  -0.07178
   0.0
   0.0
   0.0
   0.0
   0.0
   0.0
   0.0
   0.0
   0.0
   0.0
   0.0
   0.0
   0.0
   0.0
   0.0
   0.0
   0.0
   0.0
   0.0
   0.0
   0.0
   0.0
   0.0
   0.0
   0.0
   0.0
   0.0
   0.0
   0.0
   0.0
   0.0
   0.0
   0.0
   0.0
   0.0
   0.0
   0.0
   0.0
   0.0
   0.0
   0.0
   0.0
   0.0
   0.0
   0.0
   0.0
   0.0
   0.0
   0.0
   0.0
   0.0
   0.0
   0.0
   0.0
   0.0
   0.0
   0.0
   0.0
   0.0
   0.0
   0.0
   0.0
   0.0
   0.0
   0.0
   0.0
   0.0
   0.0
   0.0
   0.0
   0.0
   0.0
   0.0
   0.0
   0.0
   0.0
   0.0
   0.0
   0.0
   0.0
   0.0
   0.0
   0.0
   0.0
   0.0
   0.0
   0.0
   0.0
