   0.0
   0.2
   1.53653
   2.05904
   2.83262
   3.92602
   5.36470
   7.03831
   8.73409
  10.38840
  11.92492
  12.98069
  12.18401
  11.03223
  10.12636
   9.56692
   9.15144
   8.78536
   8.43488
   8.10436
   7.79700
   7.51727
   7.26053
   6.99017
   6.65854
   6.30054
   5.97722
   5.68388
   5.37905
   5.06114
   4.75752
   4.47144
   4.19079
   3.91925
   3.66093
   3.40524
   3.14594
   2.88775
   2.64876
   2.43530
   2.21105
   1.98526
   1.76281
   1.56380
   1.36026
   1.15686
   0.94905
   0.74235
   0.55984
   0.39535
   0.23910
   0.07475
  -0.09401
  -0.25543
  -0.40527
  -0.56165
  -0.70762
  -0.84512
  -0.97297
  -1.09336
  -1.21468
  -1.33902
  -1.45077
  -1.56783
  -1.68826
  -1.80646
  -1.91535
  -2.00977
  -2.10523
  -2.18970
  -2.26627
  -2.34170
  -2.42694
  -2.50027
  -2.57775
  -2.64584
  -2.72451
  -2.79076
  -2.85164
  -2.90677
  -2.95497
  -2.99386
  -3.04006
  -3.09409
  -3.14640
  -3.18232
  -3.22588
  -3.26517
  -3.29490
  -3.32288
  -3.35430
  -3.38583
  -3.42073
  -3.44820
  -3.47536
  -3.49047
  -3.51041
  -3.53739
  -3.54871
  -3.54766
  -3.55872
  -3.56824
  -3.57831
  -3.58707
  -3.58059
  -3.58503
  -3.58691
  -3.59316
  -3.59446
  -3.59586
  -3.59483
  -3.59207
  -3.59494
  -3.59666
  -3.58988
  -3.58504
  -3.57491
  -3.55576
  -3.54234
  -3.52246
  -3.50692
  -3.49069
  -3.47882
  -3.45699
  -3.42674
  -3.40563
  -3.38359
  -3.36196
  -3.34310
  -3.32160
  -3.29754
  -3.27465
  -3.25109
  -3.23750
  -3.22358
  -3.20812
  -3.18925
  -3.16448
  -3.12812
  -3.09078
  -3.05701
  -3.02531
  -2.99159
  -2.95904
  -2.93392
  -2.91254
  -2.87806
  -2.85000
  -2.81948
  -2.78932
  -2.75704
  -2.72577
  -2.70233
  -2.67894
  -2.65051
  -2.62418
  -2.58923
  -2.54693
  -2.51006
  -2.48219
  -2.45055
  -2.42134
  -2.38848
  -2.35124
  -2.31683
  -2.30683
  -2.28027
  -2.24196
  -2.19989
  -2.17451
  -2.15002
  -2.12210
  -2.08922
  -2.05234
  -2.01265
  -1.97235
  -1.95723
  -1.93180
  -1.90212
  -1.86297
  -1.82928
  -1.79624
  -1.75266
  -1.71729
  -1.68192
  -1.64844
  -1.62054
  -1.59349
  -1.56436
  -1.54220
  -1.52636
  -1.49017
  -1.45815
  -1.43748
  -1.40775
  -1.36405
  -1.32812
  -1.29602
  -1.26753
  -1.24545
  -1.21747
  -1.19803
  -1.17372
  -1.13823
  -1.10767
  -1.08220
  -1.06255
  -1.02229
  -0.97658
  -0.95079
  -0.93514
  -0.91382
  -0.89118
  -0.86989
  -0.85095
  -0.83541
  -0.81443
  -0.78691
  -0.76030
  -0.72881
  -0.70202
  -0.68348
  -0.65710
  -0.62284
  -0.59943
  -0.58220
  -0.56984
  -0.54860
  -0.52155
  -0.49795
  -0.47181
  -0.44619
  -0.41797
  -0.39908
  -0.37401
  -0.35559
  -0.33837
  -0.31263
  -0.28724
  -0.26889
  -0.24915
  -0.23828
  -0.22911
  -0.21495
  -0.19250
  -0.17224
  -0.14463
  -0.12043
  -0.10675
  -0.09208
  -0.07794
  -0.06110
  -0.04120
  -0.01647
   0.00738
   0.02693
   0.03268
   0.04373
   0.06492
   0.08416
   0.10066
   0.10927
   0.12157
   0.12613
   0.13230
   0.14057
   0.15941
   0.18929
   0.20588
   0.21682
   0.22546
   0.23991
   0.24965
   0.26186
   0.28464
   0.30262
   0.30440
   0.31149
   0.33912
   0.35205
   0.35665
   0.36911
   0.37514
   0.38825
   0.40135
   0.41500
   0.41845
   0.43639
   0.44030
   0.45292
   0.46625
   0.46652
   0.47329
   0.47829
   0.48771
   0.50006
   0.51010
   0.52862
   0.54210
   0.55140
   0.55343
   0.54388
   0.54523
   0.55599
   0.56300
   0.57417
   0.57887
   0.58201
   0.59167
   0.61011
   0.62414
   0.62584
   0.63582
   0.64419
   0.63486
   0.63281
   0.64664
   0.64054
   0.64277
   0.64179
   0.64511
   0.66112
   0.68015
   0.68687
   0.69192
   0.68440
   0.67288
   0.66950
   0.67776
   0.69525
   0.71081
   0.72045
   0.72061
   0.71427
   0.71086
   0.71088
   0.71606
   0.71880
   0.72903
   0.73146
   0.73142
   0.72956
   0.73433
   0.74495
   0.76061
   0.75462
   0.74648
   0.75018
   0.74895
   0.75812
   0.76171
   0.75871
   0.76670
   0.77877
   0.78074
   0.76795
   0.75548
   0.75290
   0.75965
   0.77100
   0.76957
   0.75569
   0.76390
   0.76933
   0.77683
   0.78445
   0.78173
   0.78054
   0.78264
   0.77823
   0.76437
   0.75314
   0.75641
   0.75983
   0.76600
   0.76572
   0.76427
   0.77774
   0.78079
   0.78358
   0.78539
   0.78008
   0.76670
   0.75745
   0.75543
   0.74590
   0.73984
   0.74854
   0.76573
   0.77043
   0.76698
   0.75894
   0.75708
   0.76159
   0.75500
   0.73939
   0.72386
   0.71717
   0.72629
   0.72963
   0.73706
   0.74226
   0.72791
   0.71205
   0.70350
   0.70414
   0.71301
   0.70889
   0.71135
   0.71753
   0.72425
   0.71492
   0.70598
   0.70696
   0.71417
   0.70771
   0.69505
   0.68517
   0.68152
   0.68672
   0.68771
   0.68128
   0.67981
   0.68227
   0.68096
   0.68050
   0.68330
   0.68241
   0.67357
   0.65706
   0.65267
   0.65506
   0.65350
   0.64621
   0.64329
   0.63636
   0.62722
   0.62609
   0.62405
   0.63183
   0.63151
   0.62979
   0.63690
   0.63562
   0.62772
   0.61323
   0.60791
   0.60196
   0.60094
   0.58862
   0.59325
   0.58926
   0.59359
   0.58992
   0.58994
   0.58423
   0.58020
   0.57277
   0.56249
   0.56018
   0.55741
   0.57039
   0.56992
   0.56727
   0.56597
   0.55534
   0.54929
   0.54760
   0.53832
   0.52533
   0.51758
   0.51007
   0.53072
   0.52951
   0.52495
   0.52091
   0.51999
   0.51547
   0.51417
   0.50664
   0.49781
   0.49203
   0.49138
   0.49129
   0.49100
   0.48741
   0.48937
   0.48770
   0.47954
   0.47850
   0.46685
   0.45650
   0.45656
   0.45380
   0.44871
   0.44856
   0.44631
   0.44633
   0.44135
   0.43392
   0.43153
   0.43059
   0.43570
   0.42799
   0.42016
   0.41625
   0.41436
   0.41856
   0.40676
   0.40352
   0.40685
   0.40183
   0.39276
   0.39343
   0.39804
   0.38694
   0.37752
   0.37226
   0.37016
   0.37204
   0.37120
   0.37170
   0.36863
   0.37291
   0.37257
   0.36944
   0.35554
   0.35200
   0.34703
   0.34804
   0.35237
   0.34676
   0.34808
   0.34746
   0.33499
   0.33658
   0.33780
   0.33793
   0.32984
   0.32685
   0.31813
   0.31261
   0.31290
   0.30870
   0.30419
   0.29835
   0.28906
   0.29035
   0.30070
   0.30002
   0.29043
   0.27460
   0.26682
   0.26511
   0.26902
   0.28161
   0.29061
   0.28510
   0.27192
   0.25981
   0.25107
   0.24597
   0.23552
   0.24038
   0.25356
   0.26240
   0.26509
   0.26303
   0.25276
   0.24987
   0.24185
   0.23656
   0.23701
   0.23131
   0.23216
   0.23059
   0.22121
   0.22689
   0.22914
   0.21358
   0.21034
   0.21316
   0.21613
   0.20361
   0.19460
   0.20602
   0.21324
   0.21175
   0.20839
   0.20360
   0.20417
   0.21168
   0.19601
   0.17819
   0.16491
   0.15940
   0.15124
   0.15851
   0.17137
   0.17510
   0.16699
   0.16328
   0.15371
   0.14647
   0.14399
   0.15139
   0.15751
   0.15349
   0.13829
   0.12981
   0.12870
   0.12924
   0.12545
   0.12483
   0.12652
   0.13817
   0.13013
   0.13544
   0.14272
   0.13746
   0.11788
   0.09871
   0.09465
   0.10268
   0.10154
   0.09496
   0.09970
   0.11813
   0.11856
   0.10948
   0.10798
   0.10262
   0.10389
   0.10536
   0.10008
   0.10691
   0.10185
   0.09231
   0.10050
   0.10805
   0.09370
   0.08053
   0.07824
   0.07806
   0.06207
   0.05693
   0.06242
   0.06947
   0.06103
   0.06380
   0.06362
   0.06825
   0.07145
   0.06867
   0.06278
   0.05963
   0.05375
   0.04988
   0.05816
   0.06251
   0.05694
   0.06333
   0.05836
   0.05221
   0.04995
   0.03987
   0.03924
   0.04298
   0.03221
   0.02932
   0.02007
   0.03557
   0.02924
   0.03187
   0.03623
   0.03985
   0.03470
   0.02634
   0.02441
   0.03022
   0.03297
   0.03999
   0.04241
   0.04454
   0.04153
   0.03173
   0.01983
   0.00961
  -0.00176
   0.00078
  -0.00198
   0.00086
   0.01494
   0.01966
   0.01456
   0.01239
   0.00483
   0.01180
   0.01158
   0.01100
   0.00775
   0.01360
   0.01424
   0.01445
   0.01386
   0.00950
   0.00193
  -0.00532
  -0.01005
  -0.01272
  -0.00962
  -0.00795
  -0.01522
  -0.01041
  -0.00340
   0.00053
  -0.00262
  -0.01671
  -0.02578
  -0.02763
  -0.03159
  -0.02181
  -0.01956
  -0.01091
  -0.01852
  -0.02091
  -0.02937
  -0.03512
  -0.03172
  -0.03411
  -0.03295
  -0.02784
  -0.02564
  -0.02448
  -0.02443
  -0.03533
  -0.04361
  -0.04706
  -0.04103
  -0.03231
  -0.02934
  -0.03061
  -0.03155
  -0.02990
  -0.03745
  -0.04345
  -0.05477
  -0.05474
  -0.03834
  -0.03327
  -0.04502
  -0.03650
  -0.03081
  -0.02904
  -0.03140
  -0.03466
  -0.04663
  -0.05177
  -0.05085
  -0.04863
  -0.04629
  -0.04346
  -0.03603
  -0.02841
  -0.01823
  -0.02064
  -0.02297
  -0.02584
  -0.03603
  -0.02434
  -0.02047
  -0.03063
  -0.03107
  -0.04657
  -0.04813
  -0.05331
  -0.05039
  -0.04685
  -0.03927
  -0.02747
  -0.03885
  -0.04286
  -0.04985
  -0.04369
  -0.03869
  -0.03963
  -0.04894
  -0.05199
  -0.04603
  -0.04563
  -0.04783
  -0.05089
  -0.05916
  -0.06685
  -0.06338
  -0.05778
  -0.05241
  -0.03901
  -0.03682
  -0.03905
  -0.04351
  -0.04931
  -0.05711
  -0.06800
  -0.07002
  -0.05793
  -0.04363
  -0.04677
  -0.05028
  -0.05408
  -0.05962
  -0.05099
  -0.05277
  -0.06069
  -0.05950
  -0.04914
  -0.06069
  -0.07104
  -0.06704
  -0.05586
  -0.05714
  -0.07219
  -0.07743
  -0.07913
  -0.07119
  -0.05161
  -0.03002
  -0.03708
  -0.05557
  -0.06955
  -0.07096
  -0.06578
  -0.05716
  -0.05084
  -0.04722
  -0.05142
  -0.06191
  -0.07134
  -0.05902
  -0.05418
  -0.05560
  -0.05543
  -0.05557
  -0.04543
  -0.04262
  -0.05473
  -0.06973
  -0.06636
  -0.07737
  -0.07545
  -0.06508
  -0.05855
  -0.05861
  -0.06028
  -0.06641
  -0.07472
  -0.06845
  -0.07246
  -0.07493
  -0.06772
  -0.05844
  -0.05540
  -0.05303
  -0.06000
  -0.05892
  -0.06195
  -0.06427
  -0.05646
  -0.05323
  -0.05329
  -0.05375
  -0.07426
  -0.07822
  -0.07639
  -0.07134
  -0.07538
  -0.07675
  -0.07495
  -0.07177
  -0.07580
  -0.08153
  -0.07678
  -0.06450
  -0.06293
  -0.07553
  -0.07588
  -0.07772
  -0.07869
  -0.07324
  -0.07740
  -0.08156
  -0.07556
  -0.07114
  -0.07414
  -0.06655
  -0.07531
  -0.07964
  -0.06957
  -0.04727
  -0.03487
  -0.03793
  -0.03923
  -0.04832
  -0.05111
  -0.05862
  -0.05952
  -0.05537
  -0.04434
  -0.02526
  -0.01989
  -0.02589
  -0.02932
  -0.02645
  -0.02552
  -0.03363
  -0.04045
  -0.03694
  -0.03246
  -0.02793
  -0.03113
  -0.03803
  -0.03798
  -0.03606
  -0.02556
  -0.02197
  -0.01409
  -0.01340
  -0.01766
  -0.01925
  -0.01514
  -0.01172
  -0.01137
  -0.01653
  -0.01520
  -0.02378
   0.0
   0.0
   0.0
   0.0
   0.0
   0.0
   0.0
   0.0
   0.0
   0.0
   0.0
   0.0
   0.0
   0.0
   0.0
   0.0
   0.0
   0.0
   0.0
   0.0
   0.0
   0.0
   0.0
   0.0
   0.0
   0.0
   0.0
   0.0
   0.0
   0.0
   0.0
   0.0
   0.0
   0.0
   0.0
   0.0
   0.0
   0.0
   0.0
   0.0
   0.0
   0.0
   0.0
   0.0
   0.0
   0.0
   0.0
   0.0
   0.0
   0.0
   0.0
   0.0
   0.0
   0.0
   0.0
   0.0
   0.0
   0.0
   0.0
   0.0
   0.0
   0.0
   0.0
   0.0
   0.0
   0.0
   0.0
   0.0
   0.0
   0.0
   0.0
   0.0
   0.0
   0.0
   0.0
   0.0
   0.0
   0.0
   0.0
   0.0
   0.0
   0.0
   0.0
   0.0
   0.0
   0.0
   0.0
   0.0
   0.0
